931

161, 116111, 15, 161, 1611 161, 111, 161,
161,856,171.681,51, 51.

11111111.ορ1,111,11.11, 61, 161, 811, m,
161, 815, 61661. 6 16, 161111, 160, 111,
116156. 116, 800, 816, 116, 111, 516511, 511·
511561556516556311, 16, 51, 111, 160·
1”5, 111116, 116161, 1111, 611, 116, 11618,
16,61,88,111-116,116.110.66,618,65.6,
11, 56, 111, 115, 116160. 116, 6ἱ1, 500, 516,
6161651166,115.161111,116·.165

Ι -111116 61111111, 1110, Ν, 161.- 1111·
111. 011111161111, 6116111116. 011111,
161666 1111.-161111111111611,1.
11116111, 6111161111-1111111. 11
(1116, 0111111, 1111. 1111.,1. 111111
16, corma. ν111111.,111,111.-111111·
1111 Novum (01111111111), 111, 6 516.

-0111, 6. 1., 6 161111, 111, 111, 166111,
116116, 111, 518, 518, ml, 518, 511, 511,
661556.551,361.160.116,171,161·161,
161100 101, 116. 11615, 81, 111, 111-111,
118, 161165, 116, 168, 100, 5116116116,
161,61,11,161111,111, 1161111156. 100-
161,1111111.111111611,01111111161
11116111, christoph.. 0111111, Andr„ 611·
111151,.611111

-61111131111111101111111111111111, po·
111111111111111166 61111111111111,
111, 161, 161, 161, 1111111111 1111 11111-
11111 11116111. m, 161, {ez 1116111·
1111111, 6 1666 1161111111,6161,151,

-11111111, 6 111,-01111.. 611-11111111
orphum.. 6 111, 116, 515; 6. 111111 1111·
11111, 0. 6.111.,111110. 6., 1 661-11·
gntus 1111, 6511-111111111111 611161-
111111111, 6151, 611161111111111, 1 w,
1)ο1111111111,6116,6 116ς 6. 61111111,
1610, 66 111111111111,3161, 161.

- 1111111116. 1. nondum 1111111111,611.

4111111. 11111 611111111, 11111111-
1161111111 61 111161,611611.;011-
11,6111111111.,11116111,6111161111
1111111611111111161, 6116111131
6111111111111111, 1. 61161111, Lupus.

-611111111111111161111, 111.

-611, 61111111, 3 116.

-11111111 11111111111, 1616 6111,111,6
165, Μ, Β. 11. V. 51111111, 1166616111
Β. Ι. V„ 1601611111, 4 ¹⁸⁴3 (16111111., 1
880,801,6116,111,6111,1”6, 111, 111, 1
111, 6111. 1⁸53 1111111 0111111, 1 m, 1
111;6.111111,5111; 6. 61111111 16 Fo-
1111,6111.1”5;6. 1111. 11111111, 6 111,
1161111, 118, 6166 6. 61111111, 3 111.

··1’11111116111111111111,6 m 1. 11111-
11, 611111-6111111111111111161111,

INDEX GENERALIS ἱ

” 1111111111, sulm-xenodochum An-
11111111,6665, 15ος 1111111111. 6. 1111-
11,1680,6156,ω,6161.

1111111111(61111111111,61111.,366.-1111·
111111.1111111161,Α161., 6 Β

11111111,611. 61111111, 1111.

111611111611111111611, 11111111. 1111·
111611.

11111111,Μ111161,6111111111611111111,

Negtmnti¹ 1111111, 11111. 111,,156.

1111111, 111,,1. 11111161111111111.

1111111111,111.,5111, 6815.

mmmmm, 1111111111(111111111),111.,
5616.

1111113111 (Ν 111111 vg), 11111, 1 165, 106.
-611111111, 111111.

1111111111, 111,, v. 1111111111.

nooman· (11111111), opp.. 1616.

6111111111 (1111111111), opp.. 6 Μ.-
111111.,1161.-111., 6111111111, 0111-
111111, 3161111115.

nepos. v. 111111.

11111111, 1161. 611, 6 11.

611111111111111111111, 6116111611111,
6 15

Naum, opp.. v. Nomium.

1011111161, 111,, 1. 6111111111.

uem, opp„ 5616.

1111111, 111,, v. Noviodunum.

1111111 (11111, uim), opp. 6111111, 515, 6

1111111 (11111), 111). 61111 11111111, 111111·
1111 cone„ 5100, 6 15,-6111111611·
111111, 1. 61111111, 111111111.

1111111111, Mag. 1111116161.

11111, 1. 1111111.

11111111, 1111. 1111.,111111.,616.

1111111111, 1111111, 61,, Panormi 11111111,
(15511, 6111.

-011111,6.1., viennam 11111111 (1558), 6
-1111., 6. 1., 6116.

-1111, 6. 1.,111111111 (1551), 6516.

--s 1.,1111.

-6111111, 6111.

-1111111111 6· 11111. 1111111111111111,
6 56, 06; 111 11111111, 111.

61111111, 111 appenni 11111111111111111,
5 181.

1111111,611111111161, 6 66-11111611111
61,1. 6111111 11 111111, 1111. 11111
Ejus uxor, 1. 1111161 1111111111, Anum
lx 011111, 1. 611151 61 011111,1111.;
usu· 11161. 6111111111, 6111111161
11111111, 6111111, 61111111, 1165.

1111116111 11111 11111, 111,,65161 111111.

 

