ΜΝ IWUOEMMOE

Mu, 11 1001100100 100, m.
-100110000, 00011. 1., 0100. 1011000 ·

nandium 1
-1101000010000, 0. (10110000.

ξ nmmo.. 10001.. 1..1 m
-1000000010, fl.. 8 11.

-100000, 1100000, Ι..

1 -000001011000000110101101,Ι11.

-11000011100.,1,1.,10001110, 11ῆςο10- 1 -Ρ.,1100100. v. 1000000.
1 -101100,11.,1000011.1ῦ,η

00000101.

ο100.,1.00001010011,1111. -1001100.,1.1.,0011100.1000000 01100

· -10 1100000, 1., 000100110001,1000. 000· (151). 1 111. 1110 1000011 1111111ΰ, 51.

10011000 000000001100101001.,1 m. -01100000100000 100011οη0100 110 Eut.
1000000,110010000,11001000,11171.1 111. mm, m

-1110000000 (10 001. 1 100000), 11011000,
111.1111,1111,1111.
10000001. 1000 1001, 100000, 1 111,
1(1,1ΒΙ 483 [10000100.1000,11.
-100110, 1. 1., 11000 Illy-imm 00011,
1110010 10010 nuth, 101100, 1100001000-
000. 110.,1111.
1100000100001100000100, 11000, 110000·
000, caroli 00100, 8 1111.
4100010001. 1, 1100000011οΜ0 00011, 8
11111111.
-(1100000),1’010.,0 1. 1. 11010000, 1 191,
1100000,1·00000,1>0000 1100100). 100..111,
111 1101000000, 0. 11011000, 1001000100.
111000000101001100, 11001011. 11000010·
00100 1000001.. tw. w, 111, 111.

10111100οῑ00 1100, 0. 1100000001 1110111-
bon.

1110111001οω 1000100, 1 111.

1101110000 1, 11100. 1100, 1111, 511, 5111.

-11, (10001111 11100, 11100. 10100000, 000
nox 11100, 1001. 01 11011100, 1 111. 111,
111, 111, 111, 111111, lm. m. 1111111111,
111,1’1,1111,111,111.111,111,111,11.11,
mmmmmffiwmffim
mue,ffloe2‚mw1oe,m1a‚
111. mm mim. 1111111111111,
111,111,11,11,111,111,111,11,111,111,
111, 111, 111, 111, m, m, 111. 111, 111,
w. 111, 151, 111, m. 111. 111, w. 1111,
fflfflmfflfflmmmffl
11411,111411,511,1’1,115Μ,111,110,
111111, 1111. 11, 111,111. 111, 111, 111,
111, 111, wi, 111, 111, 111, 1111111, 119,
ΜΜΜΜΜΜΜΜΜ
111,111,111,111,115,11,11,11,11,11,11,
11, 111, 111.111,111.111,111,111.119,111,
111111, 111111,111,111.111. 411111, 111-
111. 111, 111. 111111. 111, 111, 111, 111,
ΜΜΜΜΜΜῴΜωΜ
0100, v. 110000101011000001ος 0 00000·
110, 0. 10000,(100111001000(1000010).

-111,010 1011011100 1. 1100000100, 10-
010110111111.

-1v, 11100. 11001111.

101000

-10 11001, 1., 8 111.

-10010100,1.1., 1000001001 υς 1011-
000, 8 lm.

-100100010, 1. J.. 01100 10010 0 11111000
1000001011, umbem 111.

-1001011 11100, lm.

110110,1010000,1181.’

1011011000, 11000010. 1010100010, 1111.

11000000, 000. 0. 1110000110.

11100000,100.,0.Ρ1000010.

11000110011100011100.1000001101,1111.

11000100 (1100011, Dr. 110000.. 10010110,
100. 100100,111,111,1ϊ1,1 m, 1111,
zm. ὥς moritur. lm

11000100101,1100.,10000. 1001010οᾼ 11,

1100000 1000 001 110001010 1000011000
(10000 d' 100000), 00010, 111, 11, 111,
11111,11,1·11-18,11,111,11.ὓ11,11,11,
111,111.

11001010 110001010, 1011000100, 1 111.

-1000000, 1 111,

-100001111,

11010010,101101. 0101001100. 1000111000·
000 01 10100001 1100001100.Ι 101000000
11001000. 0100100, 8 Ν, w, 111111, 1
1111111111, 1111.

1100, 0. 110100.

11000ίο00, 1010..1.1.,15.

110100 110000, 000. 10001οι0 1. 100100, 1

-10010000.,111.

11001011011011100, 0. 10000 1110010110.

11011000 (11010101), 1010001100.. 1000100
10001.. 111 11.

110000, 1011100000, 01111100.

1100010111, Αο1,10000010 houm, 1 111.

-1100100,1001011001010000, 1000011001
1011. 1001001111, loe. 111111, 511, 111-
1111111, 1111111111, lm, 111, lm. 111·
1111 11,1171,111,111,111,111,111,Ε,
111 1001 0 00000110,οω01,10100011100-
1000, 11111.

-Ρ.100001010010,1111.

-011000000, 110010 1100000010, 1111.

-0111000000, 10001010 11100000, 100000
10 1000100, 1511.

 

