8555515

8555515. 05115515, Α55155555555,0 101, 18,
Hispanorum, 151, 8. 1.,118, 21112811
55. 55, 55, 55, 555, 155, 555, 515, 555, m,
555, 555, 5555555 155155. 555, 155, 155,

INDEX GENERALIS 862

155, 555, 555, 555, 155 555, 5155555555,
mmmmmmmmm
555,55,55,555,5555,555,5555,55ι
5555555555555555555555.

111, 8120, 128,128, 8 10, 111180, 182181, 855515, 81155558.1155551551155155,1181.
180180,1155155, 5. (15155551155, 15515, -8555115.,0102

15155155, wrm-congregatio 0555115-
115,1 110.-815555515,1 2101 102, 1
181,-1155555 05555555, 1 50-851555·
555 51 0551, 5. (15555551, 1555,-855-
1555 55551155 811. V. 15 1115551555115,
1100.

-11555515515, 1155555555.. 1 118, 0 100.
101, 208, 8. 1155155 Novae. 1 110-112, 8
185, 881515115115, 1 58-15155 11555-
5155. 0. P., 1 00. -15515555155, 0551,
1515. 11555155,1181, 5. 85511, 11155.

-15555155 8. 1515555, 11108121, 8. 855-
155155.,8101, 8. 8155111 100, 05155-
0551·,8 18, 8.(15155515551, 8 101,1111,
115, 8. 11515555, 2 201, 811. V. 51505-
1555, 0 101, 1 115, 8. 155155, 05115515
8. 1., 5511555, 1 111, 115, 218, 210, 271,
150, 85, 50 100, 201, 5015108 102101, 1
112. 111, 115, 8 122121, 8 181-188, 180,
8. 15151, 8 122, 8. 151555111118, 216,
8. ’1155555151 11555515, 1111.

-8555155 «1515550551515», 150-1151·
55551155,1 00, 1155155, 8 121, 8 110.-
vicum· 1555155155551, Episcopus 85(-
155555555, 0500501, 3 101, 100, 1155.
5155 85155551, 8 110, 181, 11555155 55
115515551551551, 1155155515, Camil·
1551216.

-11155 de, siracusanus 115, 1 108, 011, a

' 227‚4211‚229,231‚e2oe‚³‹re·ffl4.

-Joan, 5, 5551115515 81511155, 0 211.

8555515 (85515555-555-5555), 555, 851-
555555, 15551155, 1555. 11555155, 1 210.

8555551115 15515 8551551),1555.,1 110.

855155, 8115555 15, 855, 0555, 1 105.

8551555155, (do 85551555), Ant. 51515585-
5511 Dux, 1200.

-15 15510555, 0555155, 0550155115 Borbo-
515511515511021021.

85515555, 555, 5855115515.

8555155, 015, 555151, 800.

855055, Mag. 85555. v. 851515.

85551155 (855511, 8555115),1555.155155,
8.1.,111, 0808180.

8555555,1155555,111. “

-515 8155515515, Α. 0., 555151, 8 581, 580.

855515 (de 855151 11155555, S. 1155551551
11155, lv 1155551515 1115551555, 55 uxo
55,1012,008.

-0555155, 11555515 15 15551555, 555155 V
(15551155 1155,1251,011, 511, 1 11, 08, 1⁸·

’ 8511511

-115, 8555515555, 8 010.
-8555515555, marchio 15 15551555, 0515-

1555155 555555, IV (1551155 155, 1, 0,
110, 8551515115 155155,111, 102, 0511551555
(15511551551115155551, 101, 101, 111, 55
555551115 55151155115 5555511551, 05115-
51555 promovet, 181118, 51 (1515555115-
1555, 210, votum 8551515115 15555855
omittit. 250, 251, 201, 200, 001, 010, 000,
010,151115 5515555115115 55158555155, 011.
811, profusionem 55511111, 015818, 811,
101,110,111, Romam 5551151, 112411, 511,
5155 5555555115 15 5515 5555511111550
1018, 51551115515 1115555155 1018, a,
00, 80,551555555515555555555 1155 55555-
555155, 01, 15515515551. 5555155, 01, 21-
100, 1111555555, 101, 10011018), 1851155155
8155551555,102·101,111,115,218, 200, 101,
1555290, 55555115 (1515555555, 8555515115
augetur, 00005, 15 1155555555 55555515,
000-0(8;55155555 555515 55555155110811,
mmmmfflffiffimffiffi
010, 551155 de 55 eard. 5555585121110,
500, (1515555555, 515.,05ι11,001-010,851-
555115551 55511, 01οι080. m. Μ, M,
0015851 ww. 0010010108.
mnffiffimvmsm'ffl· 895 11·Ῑᾶ
005, 1151555555, 012. 010, 855555, ω)-
085,002,π, 008, (1515555555,15 055151·
1555, 1551555111555, 8551155551, 0001111,
180, 381. 188, 0905301 ⁴⁰1, 1011101410,
120, 101-100, 1001, 0, 128, 1011812ἰο,
mmeffimmMmm
818, 081, 82, 51551 1511555555 055551
11155. 0555555551551, 081, 5555155051-
5515555155 111555515551155155511155Μ,
w, Μ, 555111511155151555,121, αν, 515·
55511555000101, 100, 111, 111, 0555515·
1555110100, 11511155151551,188, m, 110,
110,118,110, 152, 05515155,150, ⁴61,st-
1181111100, 55501551111555 1155115155 m·
Βῆ, 49⁴· 495, 54⁴» m· w), “²3 αθ ⁸¹¹¹!
5555555 05555155.,880·002, 11 15515511·
155, 885, 5151555, 580, vanuum, 801,
sumtuum, Fluentium, 5103 5511111
5515 5155511515 professorum, w, 083, vo·
511 8555518155, 0010111, 810, 10, Μ,
11, 1150050010000081181Μ,
101, 101, 111, 110, 120181, 8558555555,
101, 1111, 185, 181, 181, 10, 112, 0555515-
m· 451, 4104135 nmmo ⁴⁶0 ⁶³·

 

