ml, 6600, 6546-446661446 06, 56606664
64 146466, 44666, 6 646540, 4440666446,
v. 66606661 64 Boias, Ludov.

14466, 4166466, 46 1604664 miuus, 6 415,

440, 4664646, 6606.

-Ρ, 66445.,4616644.,0656, 601, 46 16046,
6001, 415, 400, 460, 4 660, 040, 650, 066.
0644. 06664 64 664466 4604666 4446646646,
656, 65060, 6540, 600, 640656, 664, 664,
665, 606, 600, 6000, 0606046664.

-Ρ, 066666, 0056.

14466, 464, 4616046, 0045, 'ms w, 6

- P. 661444, S. 1., 064646 064606 6666666,
46 4666. 6666.,4040, 444,0 05, 040, 046,
mo, 650, 655, 650, 604,650, 6566 040, 445,
440, 400, 6004.

-14406666, 1666466 1.6644. 60 Regem 46-
444466, 6 600, 005.

46666.. 1466. S. 1.,6 102.

-Ρ, 1666566, 4456, 456, 66446646 666646
6666646646 Congo, 666, 666, &a 440,

-1666., 6. 1., (46666466 64664466, 6540.

-4464644466, 0. 1., 44646666, 6 044.

-Ρ, 064666, Romam 64444466, 4445, 0 404,
conimbricam, 005, 606, 004, 46 0614. 6.
1466, 8 444, 444 sup.. 4 506, 540, 46 46466.
cangi designatur, 6640

--66446646666, 444644 ., script„ 6 464.

-06 Lugo (6444 06 1666), 1666. 666664 (4. 6.
6664466066), Calagurrim. 146, 4160, 0
451, 454455, 466, 440, 46440 665, 644, 644,
645, 4 600, 400.

-vm 64 06106656, (1656, 44656666. 446,
666464, 46060. ·

14406666 vel 1666566, lx Congi Rex, 4056,
44061, 0 400, 660, 0446455, 4 6040404

-0, 1., 46 16046, 0 146.

-6, 1., 6654416 16644, 0 041, 044, ³ [04.

1446066, vincent„ 46664466. 0646466566
445, 444.

144666 vol 4446666, opp.. v. 146666.

144664, 666, 6. [4464646466.

14444666 (04046666), 666, 4 464465, 154,
440, 0 60, oe, 04, 465, 440, 405, 0 440, 6464,
460, 400, 6 404,-(4641666464 40 card. 46·
666466. 666446666, 4 400, 440, 0440, 6645,
coll. 6.1.,4 446,-0646666466, 0 404, 4
406, 464. 6 464, 045, 406, 14664, v. 446666-
44464,066664166

Diodorus 0466466, script„ 6 415.

046666466646, 1164464666, v. 5666664166.

1446666466 (14466644, 666.. 0 150, 640, 440,

Dionysius, 45566 6. severim. 1 660.

-Ρ, 446664666, 66466 0666444666 Novio·
mg.. 4 460, Boe. ingreditur, 406, 414,

INDEX GENERALIS

882

400, 6064, 44 (46466466, 640, 446, 416404
44466 646466, 4005, m

1446666466, 4666666446, 6.,6 664, 404, 540,

1446666666, 44666606.,146. 4466664, 6 446,
’440, 6 006.

14466466, 0464614166, 14666164, v. 44666464.

046664666466, 6146664466, 666666οί6446, v.
Regibus.

1446466466 4144664), opp„ 6 m

144664,1.6644. 666 46 46046, 4 π, 440, 455,
0600,404,010,006,064,064,’60.

14656666 (64446 44656666, 66666), 666.,6Μ,

4466446, 6644446666 06, 066646466466,610

-446, 06666606, 16666466. 446666 (465,
456, 50,600,104,44640, 141, 6404006,
04, 04, 444, w, 6400, 6 40, 00, 01-401, 440,
405, 400, 401.

nooman-1¹1· 1466466), 1666566, 0. 1., 6

4464666, clemens, (466. 4446. 0. 6. Fr„ 66-
6466 Fulgin. 146. 640660.,4154, 155.

1466466644, Ρ. Hieronymus, 6666646446 Vn·
46644666, 066666 0664646466 6666444,
,4 64, Romam 66666466, 04, 44 06646466
06, 04, 01, 4466664466 64 16666466, 446,

, Roman, 115, 146, 66664 6646 sumptibus
061664466 collegium 4446446664,140140,
146, 440, 66666466 06416614 4660666646
46644106, 406, 06666666 66644, 46 6146
54644466 666406 66666644, 440, 404, 46040,
40, 486, 446400, 040, 4414, 644, 604, mm,
moelfflffi mm, 444, 6646 outl-
464 S. 16664166466466644466 Provincia
6666446666, 445, 0 46, 10, Μ, 4444, 45,
4650, 04, 4666 66664 46 Rumam&
m, 444, 446, 66644 valentiam, 66666644
46 66646 4666, 640, 040056, 5⁶· 548. 550,
560566550666664 46 64644166,Μῆ
66646666 6666646 6046566666644 06466·
4464 0614. 1466466, 046556, 654ὥ6, Rom·
64444464· 46 04641466, 8 40, 400, 04 066-
646646446, 141, 404, 140, 000405, 410, 240,
040400, 4444044444, 44, m, 404, 104, 1oe
404, 404-404, 400, 440, 440404, mm 5,
46, profusionem 6644444, 44, 464, 465, 401·
480. 406100, 404, 401, 4444, 444040, 644, 450,
604, 40, 450, 466, 040, 004, 005441, w,
mmmffifflmmffim

-4466046661466, 1446666664 66666, 0056,
664, 050, 655, 0566640, 546, 646.

-0646, Hieronymi 664664140, 144, 441.
444, 005, Collegium 064664 6144, 60, 450,
656, ῶ6, 656, 8 005, 64664466, 6040. 545.

-0646 ,45564 06 0446566066, 4 440, 440,

 

