961

siguino, 111,,1. 8111111111.

1111111 Principes, 1. 1111111111.

811σ111, 111111 (saulonien). nelo, 4 111,
mmm. mm om.

1111111111111111σ1 (1111111111, 111111.,4111·
11111111σ11.111.,’1111111.11111111.1101111,
811111111 advorsum 11), 1118111111, 1
1411, 111, 111, 811, mm, 841, 411, 1111411
114,141,111,8111,818,111181,111,118,4
41111411411111111114 511.
0511. 11118. 641. Ml·

1111111111,811111111111(8111111),11111., 1 111,

81111 111111, 11111σ1111111111 (1111111111-
11111,ε· Eunonen 8111111,11111-11·1111),
11111111111111111, zoen, 1111111111, 8111, 4

81111 1811111, sylva), 11111, 1111, w. 81-
1111 mmmm 1111111 (111 1111111111·
1111111111 1111111111111), 1 111111, 111,
111-111.,1. 141111, loun. 111, onorio,
mon-Archidhwnuu, 1111.

-811111 1111111111 111, 1 141.

-1111111111, 11 (11111111 do 11111111 prim
1111,1111,1411,111,1811,4818.

-1111111, (111111σ)11σ,8.1.,11111111111, 1
ξ. 71111. mum, mmmm

-11111111σι1111,’111111,1141.

-11111111111111111111, 11, script„ 4111111.

-11111, visen. Rp. 1111111.,1141.

-1, 1111.111,(11111111111 1111, 1484.

-Ρο11, (11, 11111111 enh„ 18811141.

81111111, 111111. de, 11 Aethion, 1111.

*111111 11111111), (1111111111 1σ1 41111111-
11111111,811.1111111)1111, 1 111, (hn-
1111111111, 111111 rodit, 111. Theolog. 1111·
111, 1 11, 1811881 1111111111, m. m
11),8’11, 1111111181, Μ, ’111, 11111111·
1111.,8404,411,41,111,1411,1111111111.
[1111111.111111111111,1401,4411, 1418, 418,
414, 411, 4 181184, 141, 1111, 1111111114,
(m. 111, 111, 8 ’ὥς sugitur 11111111 Pro·
11111111, 1 111, 111, 11111111, ’111 111111·
11111111111111.,8111, m, 714, Ἡ), ’111,
111, 111111, 111111, 111111· esus 1. 1.
1111111 1111111111, 4111.

111111,11111.,1. Sim

8111111111, 181111111111111.

8111111, 1111111111 111, 11111111 111111, 1

81111111, 1111111, 4 441.

Sinon, 1111111111, m.

-11 ludu. 411111, 8.,81.

4411111. 4 1111.

8111111111,11111. 111, Urbini 111111 Lm·
1111, 111.

’1. 11.

INDEX GENERALIS

8111111111, 111111.,11111111111.,1118,111.

11111, regnum, 1 841, 111, 414, 1 111,]11,
mmmmwmmmmm
³⁴³02⁴⁵⁵⁰v⁰⁴22⁰⁴³0⁰⁴⁶= 10. Μ. ⁸ 7⁰⁸.
114, ’111, 111, 1 805, 111,-1111, v. 11111111·
Eion-Tuom.

1111111111, 11111.,1. saepius.

81111111111,14.,11111111111111, Regi 111111,
1 11111111, 1148.

8111111111,11111.,1. Senomlh,

811111111111,11111111111 111, 1111111111.
111,, 118, 1111, 118.

81111111, 111111, 1. smum.

111111, 11111, 1 11.

81111, 1111111111, 111111.,1 118.

111111112111111111111111), opp.. 4111, 1
111111, 111,-11111111. coemunt. S.
8111111111 0111111111, 4 π, m, 111,
111118.

8111111111 111111111111 1111111111. 0. 8.
11111. 11 111111. 0111σ1111, 1111.

811111 8111111111, 1111111.,1111.

11111111 11 11111, Dr. 11111111, 4118, w.

811111, regio, 1. 8111111.

81111111 1811111111, 11111.1),1111111.,8

111111 1111111111, 111111111814111, 111
textu 1111 1111111. vido 1111 nomen.

- 8111111, 11111, 0. 11.Α111.,01111111111111.

111,, Regi 111111. 11111111, 1111, 111,
111, 1 411, 4411, 8111, 1111.

-11Ἀι111σ1111111111111111 111111 bul, Au·
1111111111.. 1111, 111181.

8111111, 1111,1111ρ1., 8 111, 141, 141, 141,
w, 4111, 118, 1841.

81111111, 1111, 1 118, 141, 841, 418, 414, 418,
1 11, 181-111111111111 8. Thomu Δρ.,1

81111111, Philon.. 1 181.

81111111, 11111, 1111111, 41111.

1111111, 1111, 0. 1., 4 wo.

8111111111, P. 1111, 1111111111, 1111111, 1
14111, 311, 111, (11111111 1111111, 4 88,
41, 48, 114, m. 8 111, 111, 118, ll5; 111·
1111111118 111, 111, 111, 1141. (ffl-
11 m 4111111111).

81111(11111111111).111111.411.. 1. J. 111·
11111111, 1111.

-11111, 111111, 8.1., 8111.

-11111 1111111, P. 0111111118181111.

soler, Oppq n m·

-Ρ. 111111σ1111, 1111111111 8111. 1111111111,
1841, 81111111111111, mg 111111, 4811.

8111111111,1111111111,1111111,Δ1111.11,
114111. 1111111111 111,-11111 111, (111-
1111, 1111111,1141.

Mller, 111. 11111111, 111, 111.

811111
19

 

