8441144 INDEX GENERALIS , 964

8441444 41 14144, 14414 44, 1 141. mu 04444444ς44144 444444144, M,

84444, opp„ 4481. 111. 114. 4 461, 111, 418ς 1411141411, 4111

844444, 4444444, 844444 Auruncorum 14 1444441444 de 1144441444, 414, 441144
(84444, 84444), opp„ 4 18.-114., 114- 44 44 14 ,44311441 41114444, 111ς con·
41444414, (141444414181-114444 44844- 444444411114,111,ω,611,641.

44, v. 84444. 1414441144144), 44114. 44144.

8444, 44111. 4441444. . . 1441144,04144044441144,444141.,881.

841444, 4114144114. 114444410444141411114141444.

8414114, v. 8444. 1444444444, 1444. 14444, 881.

8411414444, 8411414444(84141441ι),444., 1441144444, 1144 44, v. 0414444, 4444-
4444. 4141 11144 uxor, v. 4441144, 144444.

8444414414, 1444. 441, 444141, 8111181. 14411441444144414,1444144,11444144 44

844411444414444444411111. 144444441414.

84414444, 41144 8441444, Angelus. 8. 1., -44 444314,4414.,44444441144.1441444.
11444144, 4111, 4 4111, 411, 114, a, 411, 410441, 4116, 4461, 411111, 4111114.
481, 4 141, 141, 414, 4 411, 1 111, 148. 4 111114144841

-111411, Annali 1441414444 negem 1144. 1411414, [conen 44, 11444444, 4411441444,
pro 14441144. top. 044144, 4 411, 411, 111, 1111 11, 11444444, 144444, 1111.

114, am, 441, 111, tm, m 44 4111- 14141444 4414 14144, opp. 14444144. 0. 4..

1144118144.441444444144111118. 4411.
84414,1.444441.,444141,1141. 141444,4444.41444.,4.44ς4.
surrentinorum 44411144.. 44444144, 14· 14141444, 8. 1., 44414114, 1111, 141, 411,

1144, 0. 4.,1114. 441411.
sutrium (sutri), opp.. 441. 1444444, (14441441444, 844414, 844. 144-
symm. 444444444314.4114. , tom 11141614181.

811144441841443 54144144, v. smmum -4414.,(144414414144144, 4461.

81144, 81144144. 1444444, 1144411144 4444111111
8414414414. 81144. 144114444,144.,4161,141,8184.
sylvester, 844144, 111. -4411 14144414 841441144444, 4 414. ’11,
-4441144414414181, ’11, 111, 4 1, 41, 111, 111, 11111, 611,
-4414444,1.411. effi. 619, 1 181, Ἠ, Ἡ), U, ω). -0411,
-44144444441144, 1444144, 8. 1, 44414114, 8.1., 444141414414411, 6111-114444

&mm 8.1.,444.
sylvius (144 444 84444144), 1144. 4414, 14444144, 44144414114.

lamii, 1144444, 4 w, 4 141181, 4 6, 1444441444,444.1,1Μ.

111111441111, 11, 11, 444444, 6 11, 144444, opp.. 4114414.

111114. 14444 44 011441 114414 Margarita, 1 111.
844444444 (11444444), 44111 111, 4141- 1444414.1141111144,444141.,6144.

411 11, 11, 411418, 411, 1 m. 441, 418, 1441444, 14444 11414444 14144 41 81444, 4

114,811.111,111.-0411.11.,4411.411 611.

411111144144114181, 146, 811111, 14444144, 44114. 14444444144.

mm 444144,4.0444141,1444.-41444., 1444414111414441111444444, 14444144·

11.-1141444444, v. 11444414, 11144. de. 41411414. 0444411441411 111, w. 4 5·

-8444144, 4 ssah—'remm- 04114444, 1 81, 4114114118, 481, 411, m, 48444144,

411814414141411618. 1444411, 4 411 1111113 11, 411411, mo, ml, 411, ΜΛ

8.1.44144,4Ἇ1.-11444144, 1111111, Ι 181, 111, 481, 4814 41, wlstanum,

8444144144444 4444444411444111118. ⁴⁵³·

844114 1144411811. 1444444414, 41114 1444444414, 4144441

Rex, 1 m

141114, 44 444 14 1444ς.,4111. 14444414, 4411414.

14114444, 4. 4414. 44, 1144444, 4 11, 111, 1444444444, 1144411144 4411111111, 118,
116,(14441411, 141111, 411, 14414111, 111 114.

141, 4111 04444444444144μῆ11, 0723 v.. 1444441444.,1.144144444.

1444ω,444,111,441411, 44, uo, 4⁴1; 14114444 14114444· 11¹ panibus, santos,

1144414444, 4 116, 11184444444444144, 111441444618).

414, 181811 Methymna 044141, ae⁴3 141- 144114, 11 11444414 44, v. 4114 44 1114444,

1144141181114, 416, 411 1444144411 , 4411144441

1441444

 

