1444444

4444444, 1444444.,4.1444441114.
4441444414444114414144), opp.. m).
444114, 14114441411441444), rm.. 141,
mmmmmnmm
mmmmmmmmmm
1111811111. 4114411111 11.
&mmmmm ¹¹²·
mmmmmmmffiffi
⁵⁰⁰. ww, 4414441451 41441401.
114,411,141.-1144,4.11444144 1141144·
41444 1111411144. 11-1144144, 4. cv
1444144144444144 1111441411, 14414.-
· 044441144144, 1. 111.

mossx GENERALIS

’,-

154

44144144, lug. 144444444111414114444.

-114414,1.1.,4111; noritur, 11.

-44444 14444141144414411, 1144.

-1144, 1. 1.,144441444,111.

-1144, 1. 1.,14441441Ή.

-0. 1 1444,1111.

-141441444, 1., m, 4 01.

-1 1., 41444141, 4 411.

-1 1., 1141441444, 114444 14444411· 414·
444, 111.

44414411. 14 44111114,1ὔ.

-4441441.14]1,114144444411,114.

44144144 1444444444 11414, 111.

444414, 444141111-14444111414411114- 4444444414, 4414444414 (44414, 4414444

41, 4111.

” 44444144 11444, opp„ 1411.

444414414, (1411444144, 1141.

444414441414444, 14114444, 14444 041.
1.144411,1141.

44144414444144. 14, 041. cmm! 411.

4444, 1441144411 1, 1144414414, uem
1111 111.

, -114111441 11, Eup. 14414, 4444, 1411.
-444444114 4441441111.

4444144 1144441444, (iub. 1444441,1

44414444, 4114414444.

44441441, 1414441144, 1111, m.

444414444, Patr.. 144444444414 44411441·
44441 410441. 11444144, 441444 14414·
414144, 044144 144444444. 4441.,1 1111,
44111, 1111, 1411114.

4444444. 4444144, 4. 1414444, 1444.

44441444 4044444441), 1. 1.,1111, m.

“se ἔα, ⁸ ⁴⁴⁸·

-1444444414, 4111.

4444414441, 1444414 14, 1 114, 111.

441444444, 1444411144. opp.. v. 044444.

4411441144 1414144414, 4. 11441114444114·
4444.

4414144, 444.,4111, 101.

4414441144, quidm, 1 410.

4414414441, 1144441144 4441144, 1 111,
111, 1114.

4414414, (141144, 1. 1.,1 Μ, 1 114,
111.

-11441444,444141.,1 111, 4 Ἠ, w, 111,
411184.

44144144, 41414 numm.. 1 111.

-11441444 14144444, 4111, 111.

-44444114 1444441,111.1411,1111, 111.

-14444, 14 1144114114.

-1444444, 4441414444, 4411.

-14444, 4 144. 41441441 111.

-ι.4144141, Lusit. 14444114, 11144, 444144
Prior 14 044414, 1111, 111, 111, 4 111, 111,
1111114111.

4444444

444)141.111,111,111,111,1111, 1111
1414111. 111, mm, 111, 411111,
41441444. &wm-
4414444,11.,1.441144.,1411,41ω.
444144141444440444444181. .
4444414, 11444. 14, 4. lm 14 4141141444
4111444441111444.1144.144414444,444141,
4444441441114411), opp.. 4 ln
“mm m mv “ww ⁸ “a 64
41141.11411.11.11411.14.411

444441444144144411411.,1 n-npuw
444, 4. 1441444441411441.

44441144 (4144444), 44414, 1114.

4444(114414444411),444.,141441411444444-
444144), lm.

444114,44414,1111,111.

444441441144,444444144414 1414), 444,
m 111,-44414144, 4. (1444414441.

&Imma 7· mmm·

4444414411. (1441144, 1 114444. 4144.
1. 1., 1 111, 1 111

-44444414,1444.11144 , 1 Pax 14 4141,
11 (14444414 04444444441111.

-1414141444, 1441441.1.,1141,4111

Aquili, 444,1118.-14441114,1411.

-(44 141414, 1414144114, 1441441114),
1144414411

44411414, opp.. 1 114-11414144444, 14444·
144 44441. 14 144114, 1 1114 11141141-
111111. s

44414444444(444144,414-14·144444114),
444.,1111.

444114414, 44414, Bm.

44441444414,11)1,481,1111,111,Ἡ,’11,
1111411411, m& 444114 14114,1 m,
4111141414144441441411.

4444444, 141144 1444414414, 4 114.

4444444144. 44444444444444444444
4414444444Μ. ’

-4141.14,111144141444444, 144444 14

 

