475

. mummio, 5. 4., 540, 61.

04444 941444, 444., 4 109.

0444444440443444), 444., 6, 91, 94, 64, 6
41, 44, 101.

044, 444., v. 01444.

04444, 444., v. 0444444.

04444444444444 0444444), 9. 44414, Rom
44 Lusit. pergit, 1953 44 1441444, 244,
644, 949, 449, 4 149, 405, 499, 465, 6 488, 4
644,6669,442,669694,66]9,604.

01444444, 4. 41444444 44 04444444.

01444464, 41444 0144446 41 94444444, P. Lu·
444., 4444414444, 9995, 4959, 445, 6 595,

014444 1444444444, 4462.

044444444, 64434 Dux, 4. 19443444.

044444, 414444444 44, v. Petronio.

-0444441444, 444., v. 4444444444.

-9444444, 444., v. 0444444 041144.

0141444 1444444414044444 14444444), opp„ 4
1946959, 956-944444444, v. 94444 44
1444, Patr.

01444, Ρ. 0444144, script„ 5944.

04444, 4444444441 044444 mutor, 6 264.

-844444, 5104, 5484.

0414, 6444444, 444444 14441544.

014444944414 Abba, 4. 4444144444.

ammomum Ep„ v. 014444 14444.

01441444, 444. 44, 0. S. 4444, 6449.

main· (041444), 14144444, 0. 6. 6., Fulgi-
444144.. 1 290, 294, 994-994.

mnenon, 444., v. 044444 14444. .

014454 44 (4444444, 4444, 1x 04444 44
1444514, nuci· 44 1444444 6444444 44444, 4
444, 464, 594, 5500506, 6 406, 694, 400,
6444 uxor, 4. 5444444444, 61444444. “

044444 14444, 0444444444, 4444444444·
4444, 444444 (01444444411444444144946
294, 299, 5 999440, 949, 445, 944, 6 499, 494.
-044441444144, 6 mamm-niueo.. 4214,
w, 929-1444444444. 4. 2444, 044144. 444.
—Templum 9. M. 9., 6 466-91444444
64444444, 1246, 4944, 5 446, 940, 942, 6
499-944. 44 cancellar. 94444444, 6 494,
*Nx-xenodochium, 6 499.

0144414, 0444444 Fam (04444444, 04444·
414, 44 44444 04444), opp.. 6 990.

01444444, 4444444. Rex, 4. 44444 64-

-0444144444 6. 4., 6294, 294.

01444444 (0144444444, 44 textu (24444444),
opp.. 4 199.

01444444444 4044444444), P. 94644444, 94-
444444, 1 244. 449, 3 246, 269, 2952940404
lm. 918, 920 942, 945928, 5325, 1111144111
,6444444444 nugetur, 5 920. 649, 4444349, 6
99, 469, 464494, 494495, 494499.

INDEX GENERALIS

4444444444

01444444 9, Pan, 4944.

-911,1’444,154,460,454,6446.

-vlu, 4444, 4 444 4 14.

-41144 44 6. clemente. 44444, 6 201.

014444444 (claun, 6144414444), 144441.
script, 4 444, 240, 4 915.

01444, 141444. 44, 94444444 44441. 4444444414
14444444, 6 294299, 4624. 5994.

-40444444 44 6444444,1444444414,5 914, 9
441; 14444 putor, homonymus, 5944, 6

clermont-Ferrum, v. 04444414444.

014444, nemu, v. 01444.

044414, opp.. v. 044414.

014444444, 4444411, script„ 4619.

041444 4114444144 44444 014444, 444.,4 49.

044444, 9449444444 444, 94444444. 444
1444444444. 444., 5994, 6 950.

01444444,1’441144.,444444., 491904.

04544, 94444. 44144, carolo V 4 44444444,

04444444444. »mor Leglone, 1 140, 191,
9646.

0444, 444.,4. 04444.

04444 (044444),544444444454444444,9.4.,
6252, 255, 246.

044444444044441444, 14444444, 6156.

0444444444, 4. 04444444444.

04441444, Dr. 4444.,199.

04414444, 444.,1446, 165, 969. 945, 946, 649,
ffimfflmmffiffimm
405, 409, 429, 454, 465, 4 464, 494, 49446,
45, 565, 649, 65454, 0446666406,
6406444Ὶο, 6 449, 494, 492, 490499, 494,
mmm-colleg. 6. 4., 9404, 402.
mmmmm 42, 449, 491, 416,
8944 19444.. 4. 64414444, 64444, 11444444,
444., Pom, 144444-(4454444444, fl 401.
wlstanum: 5. Damnioi, ms. l‘nn·
44444, 9 444.-’14444444 B. V. 1444144. 4
401,402; 1444444044, 5 640-1444, 1 446,
56441444444444444444444444, 9 446.
-94444444, 1 490. - Gonnus 94444444,
64444444, 9444.,9 445, 150.

0444444, P. Petrum 663 644. 1444441444,
9499, 95, 99,94,101,266,291,959;44444444
999, 9 4, 404, 59.

04444444, 4. 044444444.

044444, 641441, Patris 4444. 444444, m,
445.

-Ρ.4444.,6,1κ4444ο 44 adjungit 9444-
4444, 149, 44 94444444, 545459, 74, 90, 94,
Romu, 54, 59, 69, 64, etam, 444., ’144-
4444444, 9444444444, 60, 64; 94444144,
42, moritur 144444, 92, 96, 8 19, 624.

0444444444 9, Papa, Petrus 4414444414,
6., 0444444444444 044144044444 {nn-

44444, 4 265
0444444444

 

