mo'

16116 (61166 wall, 1161116, 66 16116), (11,
16116111, 116

-Ρ. 166161 66116 vallo, 1161616, 16 161·
161,0661111)116616 1661616 6161611611
061661161 16111161 16611161, 6161, ὥ).

111161616616161 6611611,161.

Vallo 61601666, 11616616 66116, 6 11 11166
61161, v. 11666616, 1666166166 66166·
16, 61666616 66666161166, 6 16 (1111111-
poml 11611111 que mor).

161111 11666666611161 6611666666),61611166
611, 6616.

-66 Ponte, 166611161616161611661, 1

1111116161661, 116616 (1611666116), 611, 1
61, 1160, 161161, 161, 161, 116, loe, 110,
mmmffimwmmmffi
161166, 1111166, 116, 111,116-116, 110,
110, 111, mm. 661, 66, 611, 611,·16, 6
611, 611, 6166116111 611, 1110, 661, 161,
Qmmemmmm
161, 116, 111, 160, 111, 661, 661, 611606,
611166. 1111, Μ, 101, 106,111,116,116,116,
mmffimfflmfflmm
161,161,611,616,666,610, 116, 661, 666,
mmmmmmmem
61166106, 661661, 611.

-16666, 111161661, 11111, 6611 11161 Vl·
611161, 6 611-061161161 6. 0166111611
6. 01616111, 0. Ρ, 66111611 11161 116-
6161, 6 6010611. 6. 1.,1 1611111, 611, 6
110, 1111, 611611, 6110, mla 6111ΰ, 601.
051616, Μ, 161,111,616,616,6116,111,
m, 611, 611, 611, 661, 611,616,1161,661;
666161, 11161, 1166611666, 6 61111166-
16161,,161611111661116666,.1666.-11166-
666116 66,-1166161 6. 1., 6. Antonii,
661166 0611. 6. 11661116161661,11ω.
-1616161161, 6 661. -116661161161 66·
glum. 61161166 «de 161 1166116111 61
6. 0616611666 66 66611, 66111 6. 161111»
pl 6616661166116, 6 111, 6 111.-1166166
06611111,11116.-Ρ11610. 6. 161, 660.
-166111616 661, 6601, 6616, 616, 1
661, lffl3 6. 1166116166.

161111 1611166, 16111116116101611611161,
161616111316,6111,661, 6 m, 111, 128,
116,161,161,661.

116116, 66, 111.,1.11116.

16116661116116 66116661), 661, 6 505.

1611661166, 6666111 16 16116116, 160.

1616661666,11616616 611611.

16116166 661 0661166, 661,, 6 601.

666666661111,1.66116

1666611661, 1161. 6.1., 111666 11616616 vn·
611, 6610.

1666666111166666, 161.

wo

mmmmmffl

W

vffluffll’ 1661 616 16 1166616 1616111616, 6
, .

,Vanam 161, 6. 1., 66166 1661611666

1161616611616666616666116116, 0616·
11611, 16111 0116111666, 6 π.

6666111 16116611611166611661, 1616
61661 6661611661.611161,6151,161.
1666161 66 1116666116, 6611611666, 66111·

66166 Rp.. 666

116166 (16 tuln 1161161111. 61666, 06-
616611666, 6 6611.

161166, 1116166116, Philippo 1111166 llo·
gl. 616616111616 16661 (61111166 11116-
116616116116,661,01,16

-111666, n. 1116, 161161 uella„ 61166.

-66 06116161, 06116111, 11666666. 111,
16 0666. 1116, 6 ἢ, 161 0611. β. J. ln·
61116616111666116666111161βπ, 66,
1 160, 66166161, 6161111116661111,
16661161 6 6. 111666. 661111, 6166461
61166 1611111 6111611 6661116161, 166, 61οι
616, 661, 116, 611611, 611, 611, 616, 611.

-116111, 111666, 011616 V, Imp.. 66661661,
166611166616161,11111116111, lllnp. 66·
111,1.616166666161,61Θ,111,1’6, 6
116, 1 161, 6111, 16].

116111161, 161111,111.

11611661, 11611, v. 6661166.

11116 (61161 11616116), 1666. 66, 1116166,
666. 6161661, ew.

11161116161666), ruglo, 610,-66. 61
0111, v. 661161, 6166111.

vnn-on, 1161661 161, 0. 6. 111., 161111, 6

16111116, 16116116 (1161166111, 1161666,
01616616), 616,6 16, 6 161, 611, w, m

161666611161, P. 611666 66, 661161, 6 611,
111, 661, 166. 1611116, 16,111,1611,611,
611, 616, 610, 611, 611, 616, 6616116, 611, n
611615, 661, 661661, 6606 111, π, ’116,

-611666161, 1161616, Ulynnlponen. 11-
611166,6110,111,,1651, 1511611, 6611,

1611661661616616616, 11616616661,116·
161 61116166, Δ161ι,11661616666.11666-
161 (161),1 166,161.-11616111661116, 116-
166, 116116 66, 1 101, 6111 flunmen,
61116661111116, 6 111.

vam, 666, 6111.

vnn (1116666166, 6. 1., (16616611666 6611,

-ll 161,6616,111116 opp. 0661, lan
1111166611 611 16 Uolum 16611, 6106,

-Ρ.(16611,06616111116616 consum 6111-

661, 1116, 1661 (1111111666, 611, 611, Μ,

611 16 6. ’11161666 16161661 16611, 1661 ln

 

