877

-0661611011661161, 0646-061163161 116·
jun, 1110,210,0121,616,6 634, 352, 361,
101, «1111166666, 0 122, 121, 4412, 6 134,
hujus institutor, 1666661, 11611 116666, 4
412.-(1611.3..1.,1113,161, 311, 161, 132,
4311610122121, 121661, 334, 661, 31-
016661600616616626612621, 626·
m, 636, Q, 616, 1160, 4 1, 310, 311. Μ,
406, 110, 111, 420421, 120, 420, 161, 161, 6
05006611111616216061666, 12, 16-
631,106-103,621.661, 660, 366161, 6. vi-
3666666, 111666, 66661, 1166.-Ι)61,1.
6116 66 316616 61 36666611616, 0611.-
(16116166161, 1131, 0 121, 331, 331, 016.

-1166661, 0. 3. Hier.. 0 16, 121,-1616-
61613. 1166616661. 2 121, 3322, 36616
61611616 116661,4121,6602,33.1661161
31616116, 3322, 6264123, 411-116166161·
166, 1 101, 112, 132, 0 lv, 121121, 334, 612,
3312011, 621, 3211, 6111, 661, 4 261, 400413,
416, 413-121, 414, 466, 101,6113,111,111,6
523, 66, 366161,2121, 121, 126, 4 120, 6.
1166116166 0616616, Dr. 11616, 1616,
11161.,1300,601.-111661166 16161661 11-
61166166661,06661611, 0125, 366, 4 166,
6. 1166116666 66 riguam, 1666-116116-
66611166 «66 1111616666, 101, 4136.

compostella <Sanum 66 0666661616),
opp.. 0421, 610, 622, 3400111, 161, 131,4
1110,416,6116,6121,112-616111616666616,
4 614, 613-116111661666666 610616,
6. ,1166166 66 161666, 1666, 1166166,
(iupa, 1161, 11666666, Imm-con. 36·
6161611 1166666616, 0125, 610, 622106,
101, 6612, coll. 3. 1., 3121611, 100, 13114
116-161,13,-01666166666666611116611116,
3 Ioe.-'1 emplum 3.·1666111, 1 116, 101.
216,3421.-116166161166, 0130, 4 416, 413.

066616(06616),666.,4266.

06666,661666666666 10666),6ρρ., 2
661, 3 123-1116666616, IIII-Guberna-
Iom 126.

0666661666, 61166 0666616166, ορρ.,0062,
offi, 3 III-Comitatus, 0 100.

-066111666, 0 611, 011.

0666161066666), opp, 1432, 036122, 123,
121, 606, 652, 012, 613, 0111, 3 420131, 4
311, 103, 1111214211, 101, 6 6, ³59, 662,
141, 111, 113161, 116, 6 613, 130, 131601,
636, 661, 611,-61661616616161. 36116,
Ant.. 6111-066161 (01166116), 11611666
6611666666, 11166661, 6 616, 661,-0611.
S. J.. 0122, 123, 4 011, 110, 121426, 426,
161, 6411, 411111, 020, 12, 133, 602001,
366161, 6.1.6666,.41611.-316666616,1166,
161, 3621,4614,401.-661666066, v· Al·
661166 66 11666666, norm-(iubem-

INDEX GENERALIS

0661611166

tom 121,-1666111161, 6. (16666, de 16,
Hominum-Templum 0616661616, 4 126,
6 441, 6 601, 601.

(16661166, Ρ. 61661666, 0 166, 3 122164,
201,6163,160,0261,200,232.

(1666111666. opp„ 211.

06666, 16 01111666 66, 6611 longe 6 14·
11166616, 4 w.

066616666616 061666, 1241.

-(06116166116661610666166116666161),116,
mm

06666161616, 06111.,3666166, 0611661661.
uagum. 3. Georgii institutor, 666166
zugon. IV, 3666, 460.

confluentes, (1666666116 (11611666), opp,

congor, 6. 11661161, omar.

comm, IIunIoongum 6611166666 066·
gum, 161666, 1 213, 216, 6111, 661, 636,
0 6, 6, 136, 616, w, 666, 103, 110, 116,
3 601, 111411. 131, 401, 46163 602111,
610, 002, 000, 006, 610, 660, 6 0, 613, 611,

-11111, 1611661, 6 614, 611-0611. fl. 1.,
1 112, 4 1111, 611. 606-316661666666, 3
412414, 4 666606, (Im-I 366, 6. 1666-
1166, 366 VIII, 6. Petrus, 16, v. 11166-
cun 661 1166166-666611616. 1., 6. Go-
666,061661166.-1“666166 B. II. V., 1
Μ, π, 3160616661616, 1632, S. 1666.
6666, 16611 3616616116, 11161.

0661611166, 06616111610616116), 61116,
ιῆΜΜΜᾺΜΜΜΜ
QMMQQQQQQ
311626,653,360,110446,471,26,166·
136, ³5⁸, 6111, 611-613, 611, 011, 621, 661,
36, ὥ3631,601-101,102-101,101,”00,111,
111, 0 1102, 112311, 301, 34, 401, 116, 110,
1164111, 463, 431, 4⁸5, 166, 461, 4 1, 300,
100,102-61,101·113,112,110,124,130,
Qmmffifflmmmm
410, 113113, 165, 566. 1611611, 130-166,
W, 601, 616, 012, 621, 611, 666, 6110,
113111, 113121, 121, 120, 111, 111. 1131.

-Οο11, 3. J. ,66666 Collegium 36661166,
616166, 1 31. 01, 104. 143141, 111113,
102 104, 106, 211, 252, 211, 216, 621, 621,
6414164411, 0 lm, 111, 1111111310,
366, 1111011, 310, 1101, 31101, 111, 110,
111, 111, 3 613, 611332110111, 110410,
421, 426, 431, 431406, 411, 410, 4661, 406·
133, 100, 613101. 1011, 601, 662. 136, 146,
141,613,114,116,116,610,166,162,160,
606. 611, 620, 622, 6 13, 42, 110, 111, 111, ·
1111, 120, w, 112, 111111, w, Rectum.
36116666 666,1111666666,0116666,06·
116116, 666, lugius, 0661ς.,6’111,

6661611166

 

