9¹³

1111111 1111111111 11 11111,1111111111,
1111111111, 4111, 1 100.

111111 0111111 apud 1111111111 Ducem,
111111 1111111111, 4 11, 11.-11 11111,
1111111, 01111111, 4 2111, 111, 111111,
11111.,8111,1 11111. 111111111111111,
1111111111, 11111 Η1111111,111.

1111111 011111111111 Regin 11 11111111
hommum.

1111111 11111. 11111111111111, 11111.,4

111111 111111 td Regem 11111.,1 111.-11
1111111111..1111, '1225 1111111, 11111-
111,4115,111,1111.

111111 11111. 11 1111111. negem, 11111 111-

11111111, 1111 011111,111111.,4111; ,

11111, 1111111, 0 ’111, 111.-11101111
uagom. 8111.-111111.01111111 11, οο·
111,111ι111,1111.-11 1111111 Regem,
v. 1111111, 111111-11 11111,1. 11111
mmm 1111111111, 1111.; 11111111·
1111, 1111.

111111 11111111 11 11 111111, 1, 111111 11
11111111, flamna-Gonnus, 1 111.-11
11111.,0111111111 11111111,111111., 1
111.-11111111 11, 1111111 111111, Legu-
11111111111. 1111111,11111111111 01·
1111111 1111111111, 1111, 111.

bagatat 11111111 negt· 11 Regem 11111,
1. 0111111, 1111111.

111111 Regin 11111, 11111151. 11 0111.
1111. pro 1111111 11 fluum, 1111.-
11 11111, 1. 1111111, 01111111 1111ς11-
11 11 01111111, 11111111, scipio, 011111
11 1111, 1 11.

ugnus 8111111111 in 11111, 1111.

1111111111 1111011111111.1111,-11
Philipp. 11, 11111111, 1111.,1 111, lm.
-11 Regem 111.,1. 11111111, 11111.-
11 11111, 1111111,1111111111,1111,111,

1111111111111111111111111111. 111.,
1 111, 111.-011111, 1111-0111-
1111111111, major. 01111, Fano.. 1
111. 111, 1 111.-1111111111, v. 011111,
1111.; 1111111111 11 1111111, loun„ 1

1111111111 rognum, 11111111 regnum
(1111) 11 111.,1114.

mulum, ’111111111 11, 111111 11111.
mor, 1 m, 111.

1111111111, 11111 11111111111. Martia..
1. 1., 1111111, 1111.

11111111, 1111111, 1111111 01111111 111111
0111111. 01111111. m, 1111411.

1111111111111111

1111111 111., 1. 11111111, 111.

D

T. 11.

INDEX GENERALIS

11111111

111111,1111111111111,11. 1. 1111111, 4
51, 111.

-111111,1>.11111, 1111111 11111111·
1111111.

11111, 1³. 111111, 1 1. J. 111111, :mn m,
111, 111, 111, Μ, 1 111, 411.

11111, 111.,1111,111. “

111111, 1101111111, 1. 111111 011111 11
Portum, 111111.

1111111111 1111111111), 111. 11, 111111 11-
111. 11 11111 1111111, 111 111111, 811,
Μ,11’1,41,1,11,1,511, 111, 111, 1 11,
11111111.

-1111, 11, Dux 11 1111111111, mm,
111,111,811,111,111,4 111 1111 11111,

donn. 11, 1111111111,1111, 151, 441.

11111, 11111 11, 1111411.

1111111, 111.,1. 11111111.

11111111, P. ung. 1111111, 1111111 lugol-
1111, 111, w, 111, 1111112411.

111,11111111. 111.,4111, 112.

-01111111111101111111 1111111, 1 11,

-1411111, 111., 1., 1 111, 4 ΝΛΜ, ’111, 1

-X‚ 11., 4 151, effi.

-111111.,1111,4111.1111

1111111111, 1111111, 1. 1111111111.

11111111, 1111111111, 11111111] (11111,
1111111111111111, 1 111, 111, 111, 1
η,4111,1111,111,111,1111,111,111,1
411, 111.-11111111 01111111, v, 11111-
111.-01111. 1.,1 111, 1101, 1 11, 111.
-111111111,1111111. 111111.,1111,111;
1111111, 111111, 4111-1111111111,
1111111, ’11111111114 111.-1111111111
S. 1111111111, 4111-1111111111, 4111.

1111, 11111. regnum 11 111., 1. Legio.

-1111, 11, 1. 1., 1111111111, 4111.

-Ρ, 11111111,011111111,1111.

111111111,1.1.,11111111,111.

-1, 1., 0111111, 11111111 111, 1111

-Ρ., 1111111, rugit 1 111., 1 111, 111.

-1111111 (1111111111),11111111,111. 01111·
11111. 111.

-1111111ΙΙ 111. 1111111111, m, 111.

11111111,1111.1111111,1. 1., 11111, 111,

-1, 1111 1111111111, 011111 1101111, 1 111.

1111111111, 11111111 11, 1 111.

11111111, Leontium 11111111), 111., 4 111,
1111311.

1111111111, 1., 4211, 1141.

1111111, 111., 1. 1111111111.

111111111, opp.. 1 111,4111,411.-’1111-

111111.11.1.,4411.
11111111

 

