(1111111, 801113, in 11111 31111118115.
-8011111, 11113111 uuir, 3 830, m.
-811111, 1111111111111 8. 1111111, 3
-8, 1., 1111111111, 3 418.

cognoro· (cogno), Angelus, «iniurium
1111111111», 8333.

cognom (cogno), opp-‚18⁸2

Cogoiludm oripo! 453-14111111 do, 011-
ι11,1111.,458’1.

(1111131111 (01111111), 3.3111111,11
11111. percita 35, 131 3111111111 Do-
111 31111111,853, 8 103; protensiorem
11111, 801, 4 1, 811 11 81111111 venii, 8 3,
41; 1111111111, 813853 1111111 vicarii
1111 moriem 8. lgm, 843, 143.

01111511,111.,ν.0111111111.

31111, opp.. v. curio.

coloridgo, P. 111111, arripi.. 1 353.

01111111111111111111(0111311111), 11 si·
11111, 3 44.

(11111113, 8. 1., 10111111.

01111111, 3. 11111111.,8331.

011111(01111),111., 8 353

1111111131, opp.. v. coleredo.

(11111111, columbario 10111111), opp.. 8

01111111, 111, 3101.
colonges, 3111. 01, 141111, 31111, hoo-

111,418.

0111111(Κὸ11), opp„ 1 114, 115,183,180·
183, 155, 150, 108, 313, 315, 344, wi, 334,
300, 410, 3 5, 53, 34, 3184, 313383, 381,
383, 438, 538534, 533, 531, 500, 533, 531, 8 1,
13, 18, wir-m, 310, 311, 313, 311, 384, 830,
41, 13, 11, 48, 348, 343, 331315, 311330,
mii. 333, 808, 805, 310, 8 3, 315, 318, 331,
33333, 8 13, 31, 33, 33, 83,40,133, 341,
418413, 4311431.

-11111111111111, 8. 813111111111, 4 313,
81111111111,111111.; item 111.-811-
11011111 (vei 11111111) 111 Gymno-
1111 0111111,111111’111111 011111-
1111,3583,580,8330, 4 415, 410; 81111·
1111 inditur, 411, 418, 431, 4331111111
811111,3533,8433;10. Gymnosii Trium
0111111.,3533.-0111. 8. 3., 3 313, w,
583810,355,311,48,333,310,53“5,333,
333833, 43, 413, 411, 435431 Superior,
r. 3111111111 (1111111), 1111113-01111·
11111, 3 353.

-811111111,3535, 4 31.-14111111, 3 351,
mm

·-iionooiorio= 0111111111, 338, im
31111,1. 81111111111, (111111.; Undo-
oim millium 0111111138, 53111111

11111111,3333,8 308; 1111111111, 334,

INDEX GENERALIS

876

mm. 533, sao-sonnino, 4 310, 8 414·
411,431.-81111111 S. (11111111, 1 133.-
’11111111 1111111111, 8 311, 8111111111,
8413011111 11111, 8181, 8. 1111111,
8311 8. columboe 1111118310, 8. Lu·
111111, 8371311 S. 3111411111, 1181.-
omnuim 183, 155,334,3 582, 4 311,
8375, 381, 384, 8 411, 413, 431313 811111,

0111111, 11111111, 31101311111111131-
11111111, 3 4314 111, 133, 833, 314, 8
30ος 31111111, v. Arogon, 111111.

-011111111, 5814.

-311111111, 3 11.

-11111, 8 14, 31.

-1411111 111, 81111111 311111, 3 431, 8
38, 311, 814, 8383.

-31111111, 0110.,1111111111811).,853.

-81111, 31111111 11111111, 1330.

-111111, 111111541,

01111101111011111111,111., in 1111. Vo-
1111, 844.

-in 11111011111141,81.1111111.41,8.1.,
1111131111111111 Domum 31111.. 8 48, 44,
8513.

0111111111, opp.. v. coimorio.

0111, 311111 1111111,0. 3. provinciana,
841118 513, 535.

01111111, 0111111111,011111111ι,111.,1,
0111111111.

01111101111, 1111. 111111, mmihi
81, 8 338.

como, opp.. v. comum.

0111111111,11111111111ι1,11111, i 131,
ΜΜΜΜΜΜΜΜΜ
458, 454, 403, 3 5, 141, 140, 403413, w,
1111151153, w, 130, 8481, 413, 4 5, iffi,
33.413.315.601.333.56.150133.18.
038, 011, 014, 013, 8 43, 18], 131, 183, 810·
103, 804, 880.

Complutum (111114 do 13111111), opp.. 1
8483,40,43,71,13,03, 104, 143, 101, 154,
110, 181, 189. 310. 341, 343, 35, 331, m
803, 818, 800, 433, 433, 481, 4814841483,
443, 511, 3 0, 30, 101, 130,131. 138131, 181,
183, 804, 831, 31, 333. imm 8338411354,
mmfflmffifflffimmffi
3303. 931. mli, 3311338. 13383135.

. 803, 838, 401, 433, 481, 441, 4 43, w. 314,
385, 381, 840, w), 833, 405. 401415, 413434,
mmffimfflmmwffit
0, 853, 833, 433. 441, 444, 441, 448, 450458,
418, 413, 545, 331, 8 501, 550, 518, 5851,
530538, 008, 081, 041803, 608, U.

-11111, 11 01111111111 0111111111111,
0111111111,111.,8 551 1111151, 8 543·

 

