hm

1001111, 11 11111111 1111111111 11111..
01011. 11, 1111111111,1400, 0441,101.
011111, P. 1111. 111, 1 m, 1 101, w, 11-
1111111111.. 0 401, 1001, 0100110, 0

010, 011, 010.

-P. 0111111111.11,111111.,1101,1001,010,
000,004,1Μ,011,01.101,400,110110,
400,100.0100·401,000,0000.004,000.

-0111111111,011111111111111111111, lv
0110111 0111111,1100, 011.

-111111, de, 1111111,111111 Protegit,
10111110.

-11111, (11, 111111, 0101.

-1111111.01,011111.011111111,1000.
-..1111 1111 111111111111.1010,040,
01,00,10,110,11,οῖ0.101. ⁴ffi2 *(111
101, 411, 410110140, 1411110, 111, Ἡ,
101,101,110, 111110
-.01 1111. 11, 1111111111, 1111110101·
111111111140.

-1111111111, 1111111011.

-111111,1’111.11, 0111111111. 111. 1 01,
0110011.

01111101111,1111. 11, 0. 1., 1 104.

01111111111111111, 1. 11111.

0111111101111,111.,1110.

01111111 11111111, 111.,1. 1101111.

-11111111, 1. 0111111.

-1111111,1.0111111111.

0111111 (01111111,111.,1011.

011111,111.,1011,101,101,100, 01110.
-111111111101111,11010. 11111111,
101. 110-11111111, 1400.

011111111, 1111111. 0. 11, 001.

011111111,1.1111.,1.0111.

0111111111 (011111111111111100, w,
0101410, 010,111,01,1001.010,100,Μ;
000001. Μ. 401. 000001, 011, 1010,
001. -1111111111, 1111. 000. 010-11111-
1111, 1. 011111, 01111111- 011111, 1.
101 11101111, 0111. (Peren 011111,
0111111 1111111111 11111111 01011-
11111.

, 0111111111 (011111111111111). 1111. 0

011111 (0111111), opp„ 1140, 001, 1 41, 011,
01.101001,010.110,1111,111,111,111
0 010, 1 01, 001, 010010, 0011100001.-
111111111 S. 11111111 01111, 11111 01·
111111, 0 11ος 111111 111111 001. 010. 1
101, 1111. 0111-0111. 0. J.. 1010, 010, n.
011, 001, Μ. 01. 010, Μ.-1)11111111, 0
1.-111111101111111, 1000-011111-
111, 1. 0111101111, 01111-11111111.
υ. Ρ.. 0011-111111111 0111111.,0 m.
-0111,1000,1 11011-11111111, 1 101,

omo

INDEX GENERALIS

071

01111111,οω 01011111, 0111. 11111,
0111111111, 11, 00, 1(1,1 0).

011111, 11 11111 0111111, 0111111, 01·
111111,1.1111.1, 01111111, 1 Μ, a,
011,110,0’0,11,Μ,100,411; 1111
11111, 1001. 140.

01111011, 0111111111 nuel-u U.

-01111 nomn, 1101.

-11111, 111111. 1101111 1, 11111. 11111,
1010040.

-111111111, 111111111111,1111.10,
11111. 1111111111. 101, 111, 140, 1 101
mm. 011011, Μ, 0101, ’11,11,
101,110,110,111,Μ,010.01,10,Π.
me, 858, W· 111. 101. 101 U· 11.
101,101,110,001·001,014,040,000.101-
111.010.οω.10.111.101.111.110111.
50.111.111.011.11001.10 ww.
0101,110,111,101,1η, 111, mmm.

-11111111 1111111, 1111 1111011. 1, 1111.
11111,110,111.040,οΠΙ,Μ

-011111, m.

-11 111101, 1111111 1111111100.

0111111111, 11111 0111111111, 11111, Po·
1111, 0. P.‚ 0111111111 1111111. (111111),
1010101111. mmmmm.

0111111111, 111.. 1011111111.

01111111110111111,011111),111.,101,1
’01, 1010, 011010, mahat. 11111
madulanum&

-111111111, 1111.

01111 (0111), 111.. 1411, 00.

0111,111.,1. 011111.

0111111111, ο11,1. 01111111.

011111, 0110111011111. 111. 11110110..
1. 1110111. 01111.

0111,111.1111111111, 1. 0111111. 111111.

0111111111,1.111111,111111111111111·
111111.0.1.,11111111 Pom 11111114

01110111 01111111, 1. 1111111011, 01111·
111.

0111011111,01111111111,011111111.0111·
111111, (01110111101111.1111111,11-
1111 1111111. 1 D, 01. 010, 0101. 00-

0111111111,110111..1111111111111 1111-
111111 111111, 011011. 1 01. 100, 111111·
111 1111. 101, 100, 010, R.

0111111111.,1. 01111111.

011111111011111(1111·11·111111), 111..
0 Μ, 1 m, 0 010, 100

011111,111111..111111111 0111. 11 m·
111111, 0 U.

-111011110111111111, 0111111111. 11,,

am‚4m,w‚⁸w‚Mum

 

