919

Π111111111111,1511

1111111111, 1111111111 (11111111) chri·
11111.. Tridentium 111. 11 0111.,111.
1111111111, 111, 11, 111115, 111, 1 111,
111,151.113.111·111,111,1 m 1111 pn·
111,1151.

11111111111,111.1. 1111111111 11111111.

11111111, 11111111, 11111111 (1111111), 111-
11111111. eud.. 11111 111, Pap-e, 1 11·
1111111111,111,111,111,1,18, 11, 111.
111, 111,,111, 111, 11111111111111111111,
111,112,,111,111,1ω,111,1111,8 11, 111.

-Ρ, 1111. Ρ111.,111111.,1111,1111,1 111,

-1111111 111,,1111111111111. 11 Polo·
111, ³ 111.

ww& 111 1111111111, oum 11,1

1111111111,11111111111, Rom. Regin,
1111, 1 111.

111111111111111111111111, epm w.
-11111111, 111,-11111111, ma 11111
111111, 1 111.

11111, 1111 11. 1111111 111.

11111111(1111111),1’.1.111111.,114.

1111111111 (11111111), 111,, 111.

111111111 1111111111, v. Generalis.

111111111,111.,1. 11111111.

11111111 Congum, 1111111111111, 1.
comm.

1111111(1111111), 1111.,1. 1.,1111.

111111111111111, 111,,1. 11111111.

1111111111, 111 prope 0111111111, 1 111,

11111111, opp„ 1. 11111111.

1111111111 (1111111111). 1’8, 1111111181,
111, 111, 111, 171, 111, fl 118, 111111, 111,
111111, 111, 'mm 1111,1[1.111,1111,
111,511,111,1 111,111,1’1,1711,11·811.

1111111111, 111.,1.1111111 Thomu.

“ mmmm, 1111 autonomon, 111111.

11111111, 1 111.
111111, opp„ v. 11111111.
111111111111111111111 11, s. 1., em
-1111.1111.11,1’1.1,11111111,1111,1)1.
1111111111, 11111111 unsar 1111111111), 111..
1111,1811,1111,1111,1111,111111
11,111,1111.-,1111ω111 1. 81111111
1111111111, 1111111111. -,1111111111 1.
1111111111 11 1111111, monh-mm,
111111111111111.
1111111111,111111111,1111.
numu, 11111111, 11111 1111111111, 1111
-1111,1111.
-111.,1118,111,111111,111 mmm.
111·111,111,151,111411,111,11,111.111,
11 ‚w mmmm.

INDEX GENERALIS

11111111

11,11.111,111111,111,111,111,111,11,
111,111,11,181,111,111,11,111-111,111,
111111111, 1111, 111, 111111, 811, 811,

.-0011. 1. 1., 11 111,1111,111,111.-1)ο·
1111 fl. 1.,1 ‘mk 11111111, 1. um,
11111-1111111111, 11111, 1111, 1 111,
111,-1111111111, 11111111. 1111111, 8
4111 a& 11111111, 111,,1811, 111, 1
111,-’11111111 cumr.. 1 ffl-xeno·
11111111 1111111111111,1111;11111111·
11111, 1111.

1111111111111111111.111,,1111-11111,

1111111111 1111111,1.1111111,11ς111ι.

1111111111, 11111111, 3 1.

-11111111, 11111111 111, 11111111111111111
11 111111111111111, 1111,111.

1111111111, Prosper, S. 1., 1111111111-
111, 1111, 111.

11111111, neum, 1111.

111111111,1111111,1111.

1111111111, 11111, 1111.

1111111111, 111111111, 1511.

1111111111, opp.. 1. 1111111111.

1111311111 (1111111111), opp„ 1 111, 131,
m-npmopi 11111111,1·ι11.-ῦ11111·
11111 pro 1111 1111111111, 1111.

111111111,111111,1. 1111111111.

111111, 111, 1. 1111111.

11111111, 1111111111. 11111111, 11111111

11111111,1111111 1111111111, 11111111·
1111, 1111111111, 1111.

111111111,111111111111, Dr. 1111. 11, 1
11, 1 111, 1111.

1111111111. quidm christini, 1111, 111.

1111111111 1111111, 1. 11111111.

1111111111111111), Ρ. oliverius. 11111
1111111111 soc. recipitur, 1111 11111·
11111 11111111-111, 111, 111, 11111111,
11, 11, 111 collegio 11111. 1111111111, 11,
1111,ω,11,11,111,111,111,ω,1111
111111111,111·11,11, 111, 111, 11, 11,
11,1111,11,17,11,11,11, 111111111111
cingulum 1111111171 11111111 11111,
1181, 8111, 11,11,11·1”1; Munerat-mm
11111111,11·111;ο11111111,1α1111,111,

1111111111111111), 1111. 111111111, 0. 1.,
1181,111,1111,111,5118.

111111111111111 Abba, 1. 1111111111,
Patr.

111111111111111111111111,1111.11, Ar·
1111111111. 1111111111, 0111111111 Soc.
111111111111111111,111.

11111111, 1111111111, ’. 1.,1111111,8

11.
mlv·

 

