945

1111111 0111. 111., 1111110, 1111111101,
1111111 1111, 1. ’111111 1111111111,
141111.

11111111111, 1111,011111111111111111·
111, 1 w m.

-111101, 1111111111, 1 11111 41111, 1
8503 1111 1111, 111111 61111, 11111, 1

-111111110111111,11111.,11 01111111
mltum.

1111111111, 111., 1. 11111111 111111·
mulum.

11111111, 011111, 1. 1., Neapoli, ew
0111111111144.

-11111111, P. 11111111111, 11111111 Ro·
11111 11111 1111111111, Ι 14, 101 4111
111,111;111111ο111 111111, 111 11111111
1111111,141,111,111, 121, 4 114, 111110,
111, 111111. 111, 111, 118.

-111 1111), (111111, 11111111,111.111111,
1 411, 4 111.

11111, 11 1111111111, (1111. 1. 1., 4 111.

4111111111 111, pictor 1111111, 441.

11111111111,111,, 1 111.

1111111111 111111 11111, 1. coleredo.

1111111111,111.,1. Aput.

11111,11111.111,11111 1. 1111111 «Fors
111· 111111111111111111, 4111.

1111111111 1110111111, 111., v. 111111

1111111

1111111111, 11 11111111,111111111,1
12211111, 111., 1, 111111 411111.
1111111111. 11111, 1. 1111111 11111111.
Porto, 11111. 11, 1111111 1111111 apud
Ferrum 1111111111 111111111,1111,

11111 111111, 111., 4511.
-11-1111, 111., 1.1111111111111111
-111111, 111., 11111111111111.
-1111111, 111., m.
111111111111, 11111, 4111.

, 11111, 411. 11, 111110. 1. 1111111

111111111111, v. 1111111111.

-1101111,411111111, 11 011111 11 1111·
111, 4111.

-1101161,Δ111111111111,1141.

11111111111, 111., 1 110,

11111111111111111, v. 11111111.

11111111, 1111111111 11111.. 1 11.

111111 (111111, 111., 1 114111. 1111110,
14111101101400, 411, 4 401111,
1111111111-11111. 1., mem,
v. Limpo 11111111, 111111.

111111 111111, 111111 (1111111111), 111.,
1 111.-1111111111, 1 111, 114, 111.-111-

T. 11.

INDEX GENERALIS

11111

111111, v. Α111,111111.’; 111111111111,
111,-1111111111· 0111111111. 11111111,
10111. 011111, 1111.

11111111111111111111111111), 111.,1110.

-11111111111111111111111 141111), 111
011111, 1. 01111, 1111.

-111111 (1111111111-111·0111111), 111.,
4111-1111111,4111.

-1111111 (11111 sogum), 111., 1 114, m,
110114, 1111411111, mm. 1411, 401,
411411, 45, 011, 011, oefl. 111111, 111,
111,111.-1)111111. J.. 1 1.-1111111,

4 611, 614, effi, 1415, Μ, ὁδὶ-1111111111 .

111. V. 111111111111Μ.
1111111111111.. 1 111.
111111111,11111)111111 1111111111), 111.,

4141, 1111 1111-1111111, 4141.
111111111, 1. 111., 111111, 111, 111.
1111111111111111), P. 1111, script, 1 11,

114,1111,4110,114,111,111.
1111111111 (111111), (111111, 11111111 1. 1.

11111111111,1 141, 141; 11 11111. Viennen-

11, 411111, BQ
1111111111, 111111, 1. J.. 11111111 1111111,

1110. ·

11111111111111111111), 111., 1 e& 0 11,
11111-’111111 111 11111-1111111,11111 11-

11111111111 11111111111, 111., 1111,
1111, 1. 1111. 111,11111111,1101.
-111111101111111101111111,111. 111·

1114414411, 411, 1 441, 441, em, 101,
-1.1111.111,111111,1110,4111,400,401.
Pone, 11 11111 111111),11111. 111, 111111·

111. 11111111. Ep.. 4111, 1011104.
-11111111 111, 1111111111 11111. 11111111.

11 card. «11111» 4 14, 1 11, 11141, 1

11, 18.

11111111, 111., 1. 1111111.
11411111,.1ο11.,1. 1., compluti 111, 11-

1111111111111111111, 111114 114; Abu·

111 111.,1410, 1011111.

1111111, 1. 1111, 1111111, 411, 141-11, 0

5110.

111111, 01111111111,1. 111111 11 01111-

11, 111111.

11111, 11111. 111,1. 1.,111111111111, 4

111.

-1, 111111, 1111111, 1410, 41ῶ.
1111111111, 0111111111, 0. Β. 111., 11111·

1111111. Ep„ 11113.

1111111111 Provincias, v. 111111111111
11111 11111, 11111. 111111), 111.,411,111,
141, 140, 111, 111, 111, 111, 41111111,
mmmmm, 141, 1111111111
11111

17

 

