' cyprus, 055515 151155 (055555, 11515515,

,885

940,491,49,191,ϋ,910,9949; 1155- ·
5511955555, 959959, ml, 999, 999.

05555, 1151155555 de 15, 111 0555551555·
5555555419995199555551155555551,

-115551555 (15 15, conchen. 1555151155, Ι
919, 949,9499,490,4441,9999.

055555,11.,Β55555. 05555, 9599.

0515555535551051555555, 1155555553,
0515555555, 555, 5 999, 994, 99119919

-055555115 15515 055155555555515), 9

cupis. 1555. 0555151555 55, Ep. 510555.
955555, 999, 999.

05515, 05515 0155155555, 05515 05155115·
5555 (05515, 0555, coire), ορρ.,4 loe.

0551555155 (0555515551, opp.. 9 481.

0551155, 05. 05555155, 9919.

(155515, 1555., 5. 955155555, 1555.

055155, 95555, 5. 05515555.

051551, 5. 05515551.

05111155, 9. hune.. 555151, 1994, 9 ’1954
0994.

05511155, 5. 05511155155.

05551 (cumo) 115., 5. 1551555.

055515, 1555, 5. 955155555, 1555. ·

05555155,551055555155, 555, v. (11-
55551555.

05511515, 15515, 9 lm 955. 1551515, mo· 1
51155, 950991.

(1555555555, opp. 15 115115, 9499, 499, 559,

05551555, 51515, 5. cipriano. ι
51555,51555),155.,555-55,5555555 1
111-1155155, 0515551554101. “

cyrinus, 9. 1., m, 9 949.

4509909, 128. ἱ

059155 (1155555555), 5555.,4999. 1

0555555055, 95555, 5. 0555551155.

0515511510515551155), 5515159994. 2

05551511115555, «1555155 cml.- 515155, ¹
994. ,

05555151551155555,15551155. 0555155 1
Romae, 9910, 911. 491.

05555155 (05555), 9515, 5555115.,1421.

055151, 95555.,9494,9994,910. ι

0155155, 955515. (1155555551,955555155 .
mamam. Ι

05551555, 515555, S. 1., 9991. 4

05515,155555511511555.,9159. 1

-55115155, Rex, v. 15555 0555511. =

-9.,1155 5195555, 9911909, 14,51,4199,
95911991 5999, 491.

0551511555,1555551155,955.,5115 5 15551· 1

’1. vs.

55555 5555555555

115 9515555 ssi 05555555, 1155151551, 9
441, 9 49, 49, 51, 53, 199, 4 49. 154, 9 w.

055115, 51155 55 55115, P. 51515, 5. 55115.

-55555, 05555515155. 555155 5155515·
555, caron V 5555555 15 Urbe, 5 540.

-915515.,11055555 551 151555, 9 5ος 0155
5555, 5. 555155, 1115155.

0555551, 5. 5555115555, 19555555.

0555555, opp„ v. 0555555

0515535, 0515151555, 5. 553515.

0515555,111551555, 5. 1555555.

051511555, 11 0555111555 de, 5. 1155555 5155
55515, 0551515.

0515555 (051555), 2551555155, 11555155
55551. 15 5551515, lep. 5155155 9155555.
(155515505515551,419, w, 954, mo, 9
5555555555555555555
Qfflmm

05155155555 (1.5 05555155), 55515, 9 499

05151555, 9. 55555.,555151.,1199,199,99, .
’1, m, 149, 159, 991, 915, 911, 999, 1919054
99,41,111,990,992,989,999,995, Μ, 959-
909, 915901, 901919, 911999. 449, 501519,
9 99, 41, 949, 991, 900, 901919911919.
990, 999, 919, 994, 991, 945, w, 499, m,
fflfflmfflffl

0511155, 05., 5. 9511155.

051555,555151., 9994.

0555555555, 05., 5. 1155551, 551.

05555155555, 555155, 5499

055555555555 551 0555555555555, 05·
5151, 5. 9555555555.

05515, opp„ 5. 0155555.

05515, 141515, 555151, 4 051, 5911, m.

05555155, 05551555, 9. 9, 1151155 9515.
51555 5515555,55551155,9 1111141, 159, 4

1 05555, 01555 (015555), opp.. 199.

05595, 1555, 9. 1, 11155555 9555515555·
ὓέῃζάὼηω (9551555), opp, 9 104,

“ 555.-55555555,5555.

0555551551551555 95515555),1555., 511555
1555555 91515115, 5 551515, 515155,
555151, 9914, 9 150, 151951, 459, 19, 119.
1411199995.

05555555(5510’11555555), 01555155, 55-
5155 055155 95515155. 0515.,9911,9ῖὶ.

Doepulffi 111515, urgellen. 115. 9 m, 9159

0559551555, 5. 05555515.

0555515, 1555, 5. 95515.

0555, P. Alph.. compluti, 4999.

-0155555, 0. 9.,111555155. 55515155, 4
419.

01555, 115555, 0. 9., 555151, 9409.

01551555 1055151555, 9 949, 944, 901 9,

0155151

59

 

