85³

466661661461666166,4661.

Argenteum 666,, 6 116, 165, 164

466661666166, 4616661164 (6164666666,
6116666161,666..6161, 4 loe, 6 164, 6
414-116166661666661166166, 1161616666,
1166161666, 6 61, 6 416. -1161666666,
v. 1166666, 11646666 666 1166646666616-
6166666616, 1666, 6 61-1161666666
6611611666, 1141.

4661661146, P. Ludov. 66,1641, 646.

461666, 6661666, 6661666661, 1 116.

46166, 11666166, 1 166.

-1616, 1666616616 6666616666116611 666·
666666, effi

-P. 1166661666, 1616616666 61 1661661611
1666166, 6666.

-6646116, 1666, 66666166. 16,, 6 664,

-6611666, (166616, 66666666. 166. 616·
6166, 6461, 6 616.

4616116 61 Lm, 116. 116616666, 666161,4
16, ml, 446, 441, 666.

46161666 (11611616666, 1 6,11, 11, 66.
64, 6116, w, m-Templum 66111666..
611.-11666166,111.

4116166661 (46166666), 66616661661

4616616, 16666, 666161, m.

461616666666, 66614, 4 46, 6 1oe

46161616166, 66116666666, 146,116,84,116,
1611,561,1516,541,4166,661.6611, 161,

46166, 461. 66, 6 161.

4616666 61 1646666614614661641.

4666116 (41116 4666166, 1166666), 666, 6
61666.

4666666, 466666666 1466666), 666,
4666166, 61666666, 1166661.,1 116, 1
116, m.

46666666,116666.66, 16666611. 6466, 1
411, 1116.

4666111666 6666, v. 1461616461, 116666.
4666616, regio, 6116161-661666666
646661, 6 ’116,-1416161666, 6116, m,

46611616, S. 1.,1161.

4666661666. 61666, 6. 01666166.

4666116166 (466666), 011.. 4146.

46661666 (46666161), P. 16611, 6. 1.,6
616, 611. “

-11661664666616, 6. 1., 4116.

4666166, 666,, 6. 4666116.

46646, 666, v. 416666166.

4661664 (6666616146), 666, 1461, 466, 1
116, 161, 6 644.

46616666, 66666 66, 1661.

-1666 66, 1666.

INDEX GENERALIS

amm

4661666 (6666), 666, 1151.

46166666146666616,1666. 66,166.

46166166, 1646, 6. 1., 66616116 116646
6166661161. .

4611611661 11166666, 0252, 166.

466661, 466666 (616666), 666.,1ω1βω6,
4 w, 666-(1611. 66666666, 4 666.

4666661. 666, 6. 616666 61666.

46666616, 41666614, 46666616 (Aum-

666),66616,1166, 6187Μ, w, 161, 4 ·

616, 611, 611. 616, 6 m, 611, 641, 6416,
⁴88. 461. 462. Η. ⁶⁰⁰·

achartumnam (4666611666666), 666,
1161114116

466661116 1661664166, v. 661664664616.

46666466, 166666 66, 666161, 4 166, 1466
111,6646.

46666, 66661666, 6 111.

4666166 (466611), 666, 6 61, 661, 66, 111.

4666616, 1666, (1166666. 1161666666, 1644.

4416, 146161, 6 15, 166, 466.

461666, 666, 6. 116166664 6166614.

4616166 (466161), 666, 661666666, 166616,
(161661166 (66166666), 6116111.

46161 666666 (4116666661666166166666
16166), 4616166. 1166, 1 111, 4 611, 614,
666, 6, 6, 616. 616, 661, 666166, 6 16, ’115-
111,161·164;11)66616146,ω4, 661, 616161.

46661, 116,, 166611, 6 461.

4666161, v. 6666611666, Dr. 1661166666.

46661166,16411. 11666166666661661666·
16666661·666),1161666666,116.

4661116616, 666,, v. 1616611166 6166616.

466161, 666, v. 4616166.

46666661661641.

4666114, ragio. 6 15.

4616 116616 (16666 66 16 16661666), 666.. 1
166,611,66,616,461.466,1 116, lm, 666,
«161686164146461. 466. ⁸ 19ὗ.
466,6616.-0611.6.1..166,6]4.464,461,
1 19, 161, 641, 646, 4 661-0616161161-
666611661116.

4616666, 6666666, 1661.

461666, P. (146666 66, 6 411, 411

46116111 (vel 66611461), 61116, 4 lv, 6 111,
6116, 116, Μ, 116166.

4611666116, 6646666 11161166. 4 Μ.

41166111606. 116166166,1161,416,41’4).

,16166166 (4616666), 666, 1 66,-1161666

. 666, 46666 61 4661146664, 1616. 66, 1
411) 661616666 61 6616416666, 11166666,
4616, 6 611.

4611161664 (46161144), remo, 1611, 6166

46666166, 14, 61166 146666661666666·

6166 66661, 6451, 466, 4 616611, 6616,

· 66666666.
46666166

 

