φΙ

1141444414. 04144.

04144441,114044144,1144, 8 8144 4144
4441814441441148814.

04144, 044414411441444 0414441444
mmmmm 0441. 1141444 441444 14441
4441 44444 0411144, 844. 144144, 8 418,
181881, 80, mu, 811, 188, 884
mmuustwmmmffl,
ammianum-w.

-014411441104441144144, 410.

-114414, v. 1444444144. 14444.

‘sona’ mmm cndu mon μ’
1444148180.

enlm 114441, v. cum, 1141. .

11411414411141448. 14441444118114144·
mmmm.

-m mmm ου, ffl- mur. ι’ u..
m, 410, 411 4184114 81, ’1111 1118

·1.14444144 11418811.

-1, 14114444. 04441884..

-4444 44444444 014441444414 141144
414444 4414441411841.

-844844444184414444118111181

-8, 1 ., 1444 441144 14144 44414144 11444·

, 41444Ε4114444488104044444444
41144, wemmam). 844444, 114·
44 414444, 8 811111-(114114444414),
114448444144,ῠ1.

04414104.044444.,8114.

0441144144, 8. 1., maumam.

-otlteurrlm- 114144441 1444144, 4

11441, 4440444444. 114.,014144441414,04·
144. 44188111.

1144444, 044444111444414144144,1ὴ4444·
44444144, 844. 441444, 8 m

-1444, 4144 1141414444, 1444444, 8. 1.,8
181, 811, 808.

0444144444, Dr.. v. 0444144444.

04411, 8. 84444, 444141.. 8181

1141144444, lun-,a 1., 8414441144 8444-
114 4111, 8 114, 410, 8481

-8. 84411444, 04441411 8441414144 1411,
4 la 84144411444 ’1141441414 4141114

. 14444011ω,4814.08;1444411114444·

441 4141411444, 8 418, 41144111 841·
44411444, 411414.

-8, 1.,141144444 0444188111.

-1414414,144441,8. 1., 8418.

84114444 441 041144411414 044114),
8.1.,141114444144141114141444444. 1
m, 1118 1018114 114444 4441441444,
4441144 4 144414, 8 m, 82 444144 11·
1144411414 4444444414 4144 4414444114·
44, Β, 8 m. 1111, 818, 818, 8 ης 444-
14111114414441418101, 1 8)). Μ.

INDEX GENERALIS

114441444

044414, 144440444111044111414
1114114 4444181111.

-8, 11114444 441 1444144 14, 844. 1444411·
1444114444 venium, 181118. 011811,
8111,1Ι,ῢ.810018.810,8854,ω,108,
481841, 181, 400, m 14444144, no·
444144, 8114141, 108, 118, 8 141-141,
111110, 181181, 118. 111, 101. m.

-Ηο44144414,1104444 14 01144444, 8141·
1144 Prota, 8 810.

-14444144 8414414114, 1011.

-114144, 14, 444141, 8 111, 181, m,
818,401,8188,878.”84,81,011,ω
-1144114, 14, 4441 144114. 1444. 14-

mm.
-441444111 04444 14 011444418481,

3114444, 1444444 1144. 14, 11 nux 14

1141144414414,1111 04444 14 1114114, .

1144411414 044444, 0441444 14 011441-
144 41 14 84414444141144444414, 44-
4444 444144114114 414, 4441 0444144 V
4411414444414118848401401844144
4414118410,501100,118,111,8181Μ,
Μ-Μς 4144 444111 44144 4 4441414 1444-
4141111101 11444 4441844414 41
044444. 1444
onnus (041144), 141414. 011144.

11414444, koph„ 8 818.

1140444, 4441801, 1141444444, Diu 1444
4104114484,0414.,444141.,811,88.

1141414444, 4. 11414444.

1144144 (mam). 4114414.

1141410411). 44444811

-41 04444 (nnn 14 14411414, um 44
144), emm.

114114441844444. 0441411144, 844. 444·
1114144, 1144444. 8 8111.

1141844, 1444414, 44414144, 8101.

11411144 14 84444 Bono (84444 114411, 14
14414114441444141.. 88818410.

84441041441414114.

1144441444,0114441411111144141118914
11111441, 8 41180.

84444114441444, 4414118815.

11444441444418444441141410444444),
04444144, 04144144. 0441144144 84144,
844. 144144, 1 181, 118, 811, 8814 oe, 118,
mmmmm& 818, 8 40, U.
Μ, mom, 414418, 418, 488.

11444, 8. 111441.. 444141, 8811, 8 810.

1144441044, 8444 14 11444414, m.

1144444.1444414,444141.,810,111, 881, w.
Qssfflffiffifflffimwffl
mwmffl

1144411414. 1441144.

11118111·

 

