9⁵³

114444, Ρ. 441. 44114414414411444441),
1.1.,141444411444, 4411

1141444, 44444 1444440444, 4114441.

14444144, 4114444144.

Rumori, 1144444144. 114414 1444144 Bo·

11414444, 1444441444444, 144414, 4 411.

11414144, 141441444 44, 4144114144. 1141444·
444, 14444144. 04114411 ι4’ Arm· 4444,
4111.

1414, Ρ. 41414, 04444144, 04444144, 1

-14444441444,114. 044414144, 1111.

-114414444, 4114114. ’

-1>. Ρ414., 1441444414, 0011.

-44 4414444, 144411444, 1 411.

-441444144144, 11444444 441 1144444444
(11444414), 444441414 41 114414114 114·
4441. 1. 1111444414 14 4114 44 Ι144444,
4 411. .

-44 144441 444 144444,Ρο14.,1.1,144-
444, 4 41, 401, 1 410.

-44 14 044444, 11144444, 1441144444 41)-
bn. 1010, 011, 4 110.

-44 044144 41 Fortuna, 144414, lv 04·
444 4414444, 1 11444114 44 144414, Lo·
mm 144. 114444, 1110, mm,
441, 0 11, 111, 1144 14444144, e loe.

-44 044144,1144114., 11441444 44 014·
44, 1111, 141.

-4401444,144114, 1411.

-441 14411114, Ρ. 11144, 1414440444, 4
114114411444414, 1411 1114. 14444144,
050, m W, 114 05⁰·

114444, 144444. 141444, 1141.

Rupe· 01441411, 444. 441 41114, 1011.

1444444444, 14444 114444, 1444444444
(1444444044. mom mmm,
041141.. 4 11, 1 m

14411414, 04141144 44, 1114144414 (m-
4441, 14 14441414οω44)141444444,11.

114414,1.4444.44,1.4444144.041144111’444·
144144 1441114144, 4 110.

114441, 1444. 1444, 4. 11444144.

144441, 444, 4. 1444144.

14, 044414 44, 11 144144 041), 1141, 041.
844, 04114444, 1144414444, 04441411, 141·
4441141441. 1444111 444144, 41144 14 44-
444414, 1111111.
-Ρ.1444.14444444144, 1141441144, 044·
4144,110,81,111; 114444, 044411, 044·
41411,110,1)4,111,4 401, Romam 41,
44444441 4414, 4444. mmm.
pu, 4444 Ρ. 14444144), 41 14444444, 1 45,
41414441414411441114444 1444441111.
-14444 44, 40141444.

'l'- n·

INDEX GENERALIS

8411

14444444, Ρ. 11411414. 44044414111411,
4401, 501, 001.

141444144(144414),44414, 1 101, 15111
100, 0411.-1144,0444144111,11111, 14-

’ 444441Ρ14111144144, 1441.

1414111, 1444444, 0444, 1444144 14441. 14
mo Piceno 444 14444414, 4 40.

1441444 1141444444, 0444, 44441114, Ρ414.
44114.

1414444, Ρ. 144444. 44, 0444144, 41144444
1. 1444441441 4414414 4444444144 044-
mutum 044144444441144,1 101,
114, 440, 11 101, 104, 144.

14444141. Ρ. 14444, 444141.,111, 1 δῶ, 1
1410, 414, 4 01, 111, lm, 111, w, 114,
145, 1011104100, 01011, (m, 011,
1 41, 44, 41, w, 11,111,100,110,115,11’1,
10114115103Μ4111Μ1 501
411, 101, 00, 111, 015, 40, 44, 40, 11, 11,
101, 101, 111, 1141110, 441, 410, 411, 414,
4111194004, 000, 011, 114.

1444411, 41414, 1. 1., 4 144. 4414411, 4 01.

14444 14444, 4441144 11411144 04 14444 Bo·

4441444, 444141, 4 404, 1411.
14444, 444, 4. 14444.
14444 (14 textu 14444) 44 1144444144141-

ἓὸ, 1144144, 1144411144144, 1 10, 411,

14414414, 1444414 1414414 (141144, 444·

4444444 144 141144 44 141144 414144),
444.,1444144 0. Ρ, 1141.
14444144141411441441 1444111 444114
44 4444441401.
-44 4441414, 1414441114, 1. 1444111 44444,
-11145ῗ44414, 1144144, 4114 14441141, 1. 14-
44111 1441414, 1401, 1011, 4. 144414, 14441·
44 44 0444 41 44.
14114444, 4. 044444, 044441144.
segaga, 41444, 10,-14, 1411444111144,
Ἥιὲοωὲ ἕξων (1144414444), 444.,1
14401441144441441114114441 141,
-ἓξ4014444-144144, 444.,1141,1 411.
-11144, 444, 1041.
-0444414, 41144114, 4111, mm.

-ζ444ξ1144441441444ή4, 14444 S.
444 4.

-0444 (4444444444114), 444, 4111.
-Ρ14444-14-14441144, 444.,1111, 111.

-114444414, 444, 4. 14444 1. 14411441.
1441414444, 14, 1100.

14144 441444444, Ρ414., 444141, 1 1504
w, 114, 401, 1111441.
1414 4411444444, Ρ414., 444414144 ,1 101.
1414

01

 

