⁸⁶5

411444 1141144 4444114114 114114414114,

mmmstffiffiffifflm

4141141144 1444414444 1141141, 41111141

44114144, 444141 41 114114414114, 411444,

- 1144154441411 4114141441 1141141, 4111

4441414144 defendit, Μς 14 mun
4444144144414 14411411ς411144414ὤ,
411,41,11,14,114,11414, 411, 11, w,
ΜΒ, 14144, mm, 1111111441, 51,
11),141,114,411441,441,441,441,141.

4141444444, P. 441441, 1 4411 1414414
Sap„ 414, 411,4 41, 41, 111, Rom 14·
414441444144444141444144414 41411·
1114 41, 44, 114144 14144141, w.

414414 (141 414411), 41.,1.ο114114144,1

4414414144, 1. 14144111.

W mmm· mul 10101 ⁸ mn ms
4441,41.-4114114441144144414, prope
414444444ςῦ. 4411.,4441.

41414414, opp„ v. Brlnolu.

414441144411, Philipp.. 4141411.. 4 111.

4144411441414441111,111444.,4. 1., 1 m.

-1444.14444.,4144, 141.

4144441, 441441, 441141, 4 414.

4144441114 (4144411141, 141 41444·
Μὰ), ΟΠΡΊ ³ m· .

4144 (do 1411114), 144, 0. 1144114141.
1414141444, pom 1144444. Ep.. 4

414141144, 444441, potu 1411141, 4441.

’ 41441411. 1144144411. 4141414141144, 4

414411,1411.,4414441,4414.

414141141 (4141411441, m„ 1 114, 411, 4
ὕ. w. 4 414, 411, η,411,141,41.111,
144441, 4441441411, m, 41144, 444,
454411414414, 414-411141144. 14. V. 14
144441(1410444144),11444 Bmxell..3
144-144414411. 14. V. «dn 4411114, 1

4144141414 1114141 444 4414414414,

444414, (144144 11,1. 14444411441414.

11444114, 1141414144, 1. 1., 4144. 1141141144
&mmm ¹

444414414414411,14414444,1144141., 411.

44411444, Goon-‚lm

44444114,11444.11414. 144, 441141, 4 u.
math. 411, 1441.

44414144 (4444141, 444411411, 4. 441, Ro·
41414 uni-numnam} 41, 141, 441,
441441, m, 414444 44144144, 14411441,
44144444,441444414,414,411. 414. 414,
4141411, u, 14414, 411, 4111 Bruxel-
144, 4411,4ω.414,4”4ς114414141,4414.

11444114, V 114144 14, 44414 41 nunqua.
111114114144111441),414.

’4. vn.

INDEX GENERALIS

Bm!

Bacis (14 1441444414),114.,14 411144, 1
14. mv. 111. ⁰³⁰·

4414, 1³. 41144144, 4144441444, 4. 1., 4 414-
47111144 44141, 4115.

1141414444, opp„ 4441.

4414414441411411411444ω.

Β444414,1414444,4Ὴ4,4 444-1141, 141
1441144 Dux, 1111441444, 4415, 411, 'm-
715. 4 441-411,4144,144,151,114,114,1
mm, w, 4 4244411 14144 114141, 444114-
1441444, 1. 4444444144.-044.,4411,
7474441444444, 411, 414, 4 5, 111,
(1114411481. 114114. ’ΜΗ
414141, 441, Μ-οο11,411441. 4. 1., 4
44441Μμ144441441 B. Ι. V. 41414114,
4 «oa-mmm 41 nonus 4411414114,

4444111111 41 44414444,1444411,441141., 1

4414141144, 444141444141141144.

441111414 (44114444), 444, 4 411, 4 441,
1 44, 111,-44ω4444, 144441, 111444,
*mk-rm· 0411.ι141414444»,1ο4·
144, 4414, m, 141.

Bm mh Emi& ο w·

4411444444 (1414444444), provincis Βι-

’ mmm.

5111141401).0114 W. 91. 311441. ²
144114, 111, 111, 114114, 411-111,411,141,
44.111.144.141,141,114111,141,111,111,
1111104111. 111. ⁸²⁰· a, Μ. W.
mmmmm& ⁸⁹⁰, ⁴01. ⁴⁰⁸.
mmmmmfflfflfflfflm
111, 4 414, 5145111, 111, 141, 141-04114-
114· (14141114 4141111414 411, 414, 1114, effi,
44440411.4.1.,4111,414,111·114,414.114,
144111, Μ, 11414410, 4 411, 1111, 444
1.ΜΝ.Ν,1Ν,411411,411 4141441.
441441,441,114;111,44,111.144,144,111·
ω, 111, 1443 1144141, 1. 4441414, (mm
4114144141 444114-1114444414, 4 141, 4
441, 4 144, 1 444-411444444, 141 Ar·
41144, 1. 4114144 14141414, 14441 444-
14144, 14414 11441444, 1114444 14411444
41 441414, 1114441 1441444444, mangn-
44444144144144441,4Μ,441;114441 cor- ·
1144114114.

-1444441411414, 4411111, 1141414144 11-
4144411114. 441441..4411;4.44441.,
44111 0411144444. 1141411411144» pro·
44 441144, fl 8103 4.1141411444,4111,
114, 41414144, 1141, «De 141 11441444,
4414111, m, ως 4144 11141144, 4414,
41114414, 4414444111. 4 114144·
14, fl 414 4. 114411, 0. 1., 4111, 4 m.

-44144141 4. Aegia„ 4411, 111, 111, 111,
U, 141,1·1,4114,1141,114; 44144114·

14141
11

 

