411111

INDEX GENERALIS

85⁸

11111111. provincia 41111111, 0 010, w.- 0. 11. 0., 1 410 01111111 0. 1.. 4 '53

0111 Rex. 0 00.

011111 1110111111 (11011), 0.111ο1.,008;
01111111, 001, 1001 11 Arvernia. 001000,
011ς Parisios 11411, 4011, 010, 0001 Rom

0. 01111.,4110.-0111111·,1’00.
1111410111. 41, 0111111141 11 0111111. 111·

commendato· 0111111141 0114111111, 4

&Ejus uxor, 111111, 1111114000.

11111111, 0111111, 0111111111 11111, 0 -11111111, 141111, mummolinum

41.10.111400.304.4δ.300110041. 010.
ffimffimfflfflfflm

01111, opp.. v. 01111.

011111, 111.,4 404, w, 04, 01, 10, 112. 04.

’ 05, 10100, 100400, 4 00, mm, 400, 00,
01000100, 104, ‘noa-0011. 0. 1., 4 100,
1004101-11111111111 0. 011111 sup·-
11111111,0111111111111,4004.-111111111.
Ι. 01111.,004,05, 00, 1083 11111 0111-
411111111411.,0 1⁰⁰3 0111011111, ³
00, 4 w, 040-11111111 0. 11. V„ 004. 4
4011, 000, ⁶⁹²³ 0. 011111, tw, 0. 1111111,
4 0101 0. 1111111111, 4 001.

01111111,111.,10110.-1111,4100.

01111111, 0111111111, 0111111111, 114111
ΓΨΜ 300031 ² 'm-

-111.110111111111.,0011.

-ορρ, 11 11411, m. 0601.

0111111111, lgm. 41, 111111111111.111
41111.111.,01111 4101111111, script..

0114111 0111111, 1111111, v. 1111411111.

01141114111111. Δ11.,1111ρ1.,1010,101.

34111111, 441111, 0. 1., 011111111011·
41111 miuus, 4 m

11111111 (011111), rognum, 1 104, 401, 410,
410 410,4’0,000,401,010.010,0401,
440, 0110, 000, e 00, 40, 001, 010, w, 011,
m, Μ,401,410.-1111,000·00, 00, 1. 41·
bert. 11011111. 111, 14. V, 0 010-01111
0111111111, 1. 1111111, 11111111 Albur-
1111 0111111111. 11 01111111.. v. Schwei-
11101111.

011111111011111, opp.. 1 401, 4 100, 0

Bu, Dr. 111111..1.1111111. collegii 01111·
4111 1111111, 0 440.

0111111, 111, v. 011111.

Burrus, P. 111111.,1.011111.

0111, 111, v. 01111.

01111111, opp.. 1041, 040, 001, 000, ffl,
4011, 401, 410, 414, 4 0, 140, 140, 000, 404,
110,110,”00,104,110,151,4400. 404, 101,
40501041 0044011111151111,
000, 0014101. 10100, 0110110001.

-0111. 0. 1., 1410, 414, 4 5, 400, 100, 150,
’154003484410140014421181100.
1411111111, 1111111, 1. 1111110111111,
111111.

-01111111111 111 01111.,1400; 0111111,
111111, 1110.-41111110111111.,4 1141

1111111.

011111,111.,1. 011111.

0111111 (01111) 0111111141, 111111 1111-
11111, 1 11, 10.

01111111111111111111011. 11111111, 4111, 4

01111111, opp„ v. 0111111111111.

-111111, 41, dux 11111111, 1 10.

01111131141Ὶ110111, 11 11111 Eunoni&
111.4101.100.400000.14100.4401

0111111111, 11411, 0. 0. 111.,111111111.
111.,1111’1111.Α111111.,004,400,401.

0111111111,1111.,0.01111ςο1.,1>11111,0

1114111, 0111111111, 0. 1., 01111111, 1111·
1111111, m

0111110111), 1111101111 41, 0111111,
0 00.

01111111.. 4 000-111111111. concept..

4001-111111111 Β. Ι. 11. 4ο (111111, 4

Beira, Ρ. 1111. 41, Hispanus. 0111111111
11 1141111111ςί1,1144, 140, 11 114111
vonit, 144, 00ος 1411111 sup.. 000. 1111ος
11 111. 111111 011.,000, 411-410, 4 'm-
111110,100,4010,110,10,1114, w,
1111111111 11111, 0 tm, 810, 014, 010

-1111, 1. Viam.

3111. omnam·

04111, 111 1111111141, 114118114444141
0111111111,1.011111111,111111

-111111.,111111., 000.

0111114111, 111, 0 040-0 011111 41, v.

- sozom-yur, 0111110111 1111, v. 04·

nm. 11111111-11111111111 41, zum·
11 0111111111, 41111, 0 040.

0111111111 (1111111111), 111, 0111111111,
1111111111, 011111, 0 w.

011111, 111.,1111 suburbium 01111111·
111, 0 710.

0111111111, ρ1111011111ι111, W.

1111111111, 111, 1 m.

0111111111 (01111111), 111, 014.

01111111110011111141, 1001.

Belgiumfflelglque), 1131.,1 11, 40, lm,
04,001,000,410,ῶ,01,014,00,οω,001,
0114,015,001,100,010, 2010114 0, 11,
m, 001, 000, 000, 000, ml, 011010, 014, 0
0, m, 41, 105, 004, 001, m, 001, 010. 010,
almam, 04 w, 4115141014. 011

 

