m

010010110 (1001000000ος), 000.,0. ’10000
01100010.

-00 1000000, 000.. 0001, iii.

-110000000100 00000100000000, 0. iiii·
0000110, 0101.

-00000, v. 0100000 00 101000, 1100010.-
00010000 100, 011, 010, 101, iii, im.

0100110, 0000100100 00, 0 100.

0100100010, 000.,0010.

-01 11000000, 0001100000, 0. (11000 00
01000000 iiiut 0000, 0. 0000000, 100000.

0100000010, 000.. 010, m, 011.

01000010 00011100, 0. 1100101.

010001, 00000100, 000101, 0 110.

01000000100010 00010010, 0 ioe.

0100001000, m„ 0000001, 0110.

01000000, 0. 1.,1100000, 0111.

-0. 1., 1110000010, 0 00, dimittitur 0000,
0 iii. 110000 10οι 00 0000010001

-111, 00000100 000, m.

-v, 00000100 000, 10011, ii. ’0, 0), w·
mmmmmffimmn
’1111001111οῊιῆ w, mm,
’111,010 10, 010, mi, m. wi 001, m,
&mmmmmmmmffi

-111, 1100, 0011000100, 010000 00 00001,

-000000100 Du, wi,

0111000010. 00010010), 01000. 000, m

Albim, 0000. dmm. otii.

01000000 (in 10010 01000000), 00010100,
0000100110, 0 Μ.

-00110000 00, v. 00001110 00 01000000.

0100000, 0. iun. 000010.

01000, 0000100010 0010010, m.

00001000000, 000 00, v. 110000, 001000·

-1000 00, 0. 0. 00, (100000 110.. 000.
100000, 0 101, iiii. 011, 010, 010, 010, 101,
m, fl, 0 111, 110, iio, 101, 111, ’111, ’101,
0111, 0 010, 010.

0100000100010100100,0. 0000011000000.

01000000101000 00, 0. 1., 001000 1000
00000000000011,0,’01,’111,70, 101100·
gum, 0101, 1011, 1000 euin 100010 Regii
00001001000000010, 0 010010, 111, 0
10010100001000,01011,010.

010010 00 nen-run. complutum.

-000 00, v. 0100 001110οη, 0000. 11000).

0100010000 (1000000010ιὶ00 00100, 0. 01
0110, 1011001000.

0100010000, 11000010 00, v. 000010, 010000ος
00010000 00 01000000, ioan-3 onorio,
00ιο0100000 onorio 00 hym-iiu-
0101001000 00, v. 000010 00 000100, 1000000
1100100100 00 0100000, eim.

-000000000,110001110 00, v. 00010000 00

INDEX ommis

0110000

01000000 01 10010ος narique 0011000000
000100000100010.

-01 0000000, 1100001001οω 00, v. 1001·
00001001000000110010000001010000
0100000, i’. 0001001.. 000100, ³ 000, w, 0
001,111,110,111,001,10,0110, 101, 001,
110, 0100001010,Μο 111 011, 011, 001,

001, 000. ‹

010100, 000.. imi-w.

0100001001 00 11100001, 00001000 00, v. zi·
0100 00 0000000οο, 0000010001110001·
quo).

01000001010,000.,0110.

01000000001010000001, 1000000, 0. 1.,
1000011, 1100000, nomn. 010 M. 000·
010000, 010000 000001000οῊΜ1Ώ,
01000001

0101001001, 1000. 10010,οη

01010001, 0100100, 0001001111

01010οη0010οι (010000000101),1000001.,
0. 1.,10.

01000,000.,001.

01000000010111000100111111100110
110, 000, 01, 101.

sthml, opp-i ι m·

01001010, 00ωο 10 1.0010.,0000ι

0100000000, 0100000000

0100000, bu 00, v. 10000, 00000 Bor·
00100.

0100000, 000, 0 ss

010000, 00100100, turritan. 000 iiim·
000.0000100.,1100 010, 010.

01000100100, 011000100100, 01000100100
(0110001001,Πο11000, Β. 0100. wi

010010, 01000.,0 8.-1101000000, 0110110·
010101, 0000. 10000.

010000, 000 , 0 010.

010000000, E. 1., 0100000, 000.

-00000, fl. 1., 10 Lusii. 00010, 0 01.

-Vi, 1000, ten.

-1111, 10001011.

0100000010, 000, 10 Aegypto, m, 0011,
00100110 00, 101,-1001000000 00000·
01000, v. 01000οο00. -0000100000, i.
00000000 philotheum-hinnient 0001·
0000,0001,οῶ,’101.

0110000, 00011100, 000. 1000000111.

011000, 0000. 00, 01. 0. 0., 000100, 0100.

0100001010100000), iunii 0000110010.-
11011. fl. 1., 0, 010, 101, 0 00,-01000,
001000010 (10 10010 001000001οι 01000·
0100010), 0 010, n, 011, 00,-001000·
000, 0. 00110, 1000.

010001οα,000.,1010.

Ᾰῖἳθῆῑι 700100. ⁴4⁸· ⁴ U), ⁸ ΜΡΝ
0001010010.

Alituum, 000. 00000 intuentium 10

mmm

 

