11166616

41166616, v. Alone.

4116616, 666, 61116 (1616, 4914

6116111611, 116616, 6156.

411616, P. 6616166.. 661161, 5996.

111166 16161», 166 6166666 16161, 661666
66161616 166111. 11666. mer.. 1 165.

6116661116. 1666.. 16116166. 66616616616661·
1661161, 5916.

4111616, 1666. 6661, 1666166 66611. 11666·
1116, em

61166616, 666., 4 461, 561εο611. 6. 1., 4
469, 5614466161. 0. 1. 6161 11616116»,
4166-116166111166, 4464.

-11166666 66, 5 611.

61611161, 666, 5544.

61616666, 666, 156, 511, 6 596.

-116161666 66, 06616166 6661616666, 66-
11611 11616616 66 61611146, v. 6611666
66 16666616, 111666.

61166166 1611116666), 1. 116116. 66, 661161, 5
669, w, 619, Μ,165,196,141,6π6,

-16666,6.1.,5121,191,116,111,6621.

-16666, 66616 Puer.. 5119, 191, 119.

-Ρ, 1611, 16 1661116 1616661, 4 956, 166, 4
619, 666.

-616611, 66, Carthagini· nom 116,,1161·
61661 0611. 1666.,1916, 611, 4645, 5916.
m, 469, 696591, 6 541556, 555558.

4166161666 1611661116), 666,,1119, 116,
146451, 4911916, 611, 685, 666, 9 491, 4
556515.

6116666161,666., 4561.

61166116, 666, 6551-1161666666 661166,
v. 0611166616.

61166666, v. 61166166.

6116666661 661 061666, 666, 4696.

6166616116 616161, 61161616 41666461), 1

61666 (61166616), 666.. 66411ῶ1.

616666, 1166, 666. 1661611169.

-66 116ιί66, 1616., 1561.

61666166, 66666166. 666, 4565, 6 169.

616661, v. 616.

6161166, opp.. 4 566 ,

6161166166, 6. 1,, 61116666, 6 616

-6, 1., 61666661, 6115.

-111666610611661, 5651, 656, 6994, 906

-66116661, 16611. Rex. 4 569.

46116666), 61161161, 6.1.,1954.

-x, 06116166 Rex, «El 611116», 4 911.

-n, 061161166 1161,1516615,561,6 671,

611616116, vicecomes 66, v. Fornandoz 66
mmm-Ejus uxor, v. 11616666.

6116166111, 66161, 0. 1., 661161, 4 636145,

1661111. 112, 116. 166, 666.
6111611, 1116166, 1611616 (166.,6 56, 6161.

11166616

INDEX GENERALIS

⁸4⁸

61661166, 61666161161 666 116666116,
16666611149.

611666, 1161616166 66, 1 561.

6161, 161166666616116166166. 61 111166·
666. 116,, 666. 166161, 4 614616, ³⁶8, w.
119,116,9Ν,4554, 569, 5 611, me

41611 16161 016116, 61661. 166666, 1541.

61661616 116 11666666, Rern„ 0. 6. 111,,
06661166. 6606661666. 116,, 1611166611
66661616,5696,64Β,464, 446, 451, 466,
4723 v. 611616 11666666, 1666.

4166166666 666. 61661666 66, m

Alvum, 661.. 6. 1., 6, 415; 16611161, 4 516.
Vide 611616 66666, 661.

-116161.,6. 1.,1616611..4 ω, 6 144, m,
4 591, 516.

-11666, 666, 666166 161611 16111. 66 116·
gom 66111166, 4 516, 514, 561. 6116.

-66616, 6. 1116661161 116. 6611666, 4 645.

-1, (16661161166, 5 416.

-1166161, 6. 1., 4 615, 616, 6495, 4511.

6116166, 616166661, 61166 161616, 66666.
16661, 6 195, 1611191, 166.

-661, 6. 1., 5411, 661. 66 6661166419.

-661111.,6.1..5456.

-Ρ, (1651, script.. 1 161, 469, 6 161, 611, 4
6663661156961616, 469, 5961, 965, 611,
Qfflffimfflmmmmffl
591 6 519, 516, 594, 532, 641.

-1166566, 6. 1., 4 491.

-Ρ, 1666661. 666166 P. 166166 6161661
116, 199, 4914 169, 169, Ill-118. 616, 999,
649, 691, 641, 9915, 496, 451, 461, 5116,
461, 6661666166. (6661666166 66111166·
66)66661161,116, 599695, 599, 566, 6695
161111616,61·61>6616 1161666661), 663111.

-161166, 16 congro, 1991

-661166111, P. 161616, 666. 1661661161,
4116, 1611116114, 116, 191, 619, 691, 699,
661619, effi, 696, 6 999, aa& 661111166-
6161, 4 996, 406491. 494, 496, 469, 469 5
499, 6116166 66661161, 446441, 6566 Bur·
666 16611, 611-691.

-66161616,1.6661., 1 11616116 66 1666·
11, comeus, 1666611 61 1611666116, 5

-66161666,161616., 111 Dux 66 6156, 4

464 161191 1111166111. 616161, 5 115, 169,

651. 61, 69, 911, 949,956,456,1’6,169,169,

-66161666, 161616, 1106661660166666
661166 0611. 666. 01666666 16666666, 4
111, 996, 4561599, 594, 5416, 466, 461, 516,
546, 544, 6 699, 641, 651.

-66 161616, 111666, 06161111 1160166616
116111, 16161166 116161, ugit 66 0611.

 

