814

8441144444, 5. 044444, 141454444, 11441411
8445444581.

-11141, 04411. 5. 1 ., 14 14414, 5 514.

-1444,0444.5..1., 14 saponis. 1⁴5. 8
145, 4115, 411, 415, 415, 115, 115, 5 451, 488,
451,4514,5·84,115,115,’55.

-1444.,1114114144. 04444511 5. 844144 44
044514 14444141, 5 4ae.

-Ρ, 81. 14411, 5. 1., 141454444, 8 545.

-Ρ, 1111144441 411 0441454444 1544144,

, 8 188, 8518511, 554, 118, m 815814, 5151
81144144441144141.85. 551, 151. 1511115,
1111, 4511, 8 815518, 415, 481, 151, 4555,
544, m, 5 555. 845.

-44 41144144, 8144444, Prior 44 041414,
5 w.

-4144444 Ρ. 5445541441.154411141441.1144·
11444144, 5414144114 11441411), 4451, 581

-44 0451414 41 8454411111, Pota, ll 04·
4144 44 0111114554,044141 Philippi 11, 154-
114 4441144, 14 11454, 5 88.

-4410441114,84444441151441844440. 44
041414444, 1 541, 544,

-44 0514454, 5111541144, 844451441444 44
Priene 41 0441111444 44 54114, 4144144·
1114, 14144114· 1144441114 41 8441111114,
1 151, 141, 885. 8 815, 515, 518, 8854518-
858, 855554 4 1181. 445. 448, 4514551111,
4114141551, 55111585 8415845158,
1514 4144 44η14144114,4584,5548,588;
4414411 1140441454, 5. 1., 44444, 1488,
8518, 8 8184 814. 455.

-do 0544454, 814444404814141144. 811,

-44 05444114, 04441441444,’«81 mn ea·
4114114, 8 518.

-44 0514454, 0444841444, 111 844 do
54444,8455, 551, 5518, mk 8144 4444,
5411414444 4411444444, 114114. 85411

-44 0514454, 14444, 11 84414444 44 544·
44 4411144, 8 455.

-44 0514454 4181144144, Mn, 044144
44 54114, 8 855.

-44 0544454418445444, 144114 44 041·
41414, 84414 44 85145414444 4441, 1

futurique, 044414, 111 04444440444114,

-114441444, 041414, primogenitu· 114-
414 111 44 044144, 8 818, 551.

-114411444, Patr.. 18 0411144 44 044144, 8
515, 585, 5111, 515; 8144 11441, v. 8414444
45 414454, 114114.

«4144441444 44184411141444, 11444514 44
4141141, 04141444144 844144, 1414144
0414118111 111541 145, 115, 8151, 814.

-8445454,144445.,14411111.,8884,4488.

Τ. vl.

INDEX GENERALIS

5

14114114

8444411444, 84144, 044144, 4441114, 4 445.

-44 5111444, 81444, P. 8111114441 44 41114
44544, 4 m, 5481.

-44 811414, 411111 ,8144444144 44 41141111·
44, 4 8115, m, 18818144 4444,114144114,

1141141141, 4885.
-do 5441114114 41 0544454, 844411444, 111·
4441114445411444441414111,8415.
-541411154, 5411, 5411144 444 5411454414 14
51441114 84, 8 181111, 8451, 45545148
“molem 8151.
-441414154,1444.,1.441411411. Rp.. 8 411.
-44 8414444, 4444, ’1444411411 11, 8441444
1144341114, uxor, 8818.

, -44 8414444, 84114444 (141441. 044441144

0444414558 104444414514 44 04451114),
11 844 44 81144, 144144 544. 841414 5
581, 5551 8144 4444, 84141, 144114, 5 m

-44 8414444, Patr.. 0441411114 0414441451·
114, 111 ,1114 44 51144. 8811·815,585,585,
511, 8 818, 814, 181815, 84144451, 45848,
5 551, 485, 5581. 58,518;81444441,1.
8414444 4144415414114114 4114444. ’

-44 8414444 4151444141, 1141141541.

84144, 1444115. 44, 1111444444, 1545.

5414411, 4114, 8854.

-Ρ1111111.,4411ρ1., 5851181814 wa. 5 81,
518855, 8441, 458, 545, 441, 845.

84144414 15411444), 514144, 451-841114,

41111. 1 81. 1818. w, 111. 111. m 881.
mmmmmmmfflmm
51111, 115145, 151, 151, 155, 5141, 414, 445,
445, m, 451, 4454544541, 51111. 5815145111,
551,11..181,181144,1114155151,15145,
ω1ω4 ω4 w· ωε ω4 7¹³³» 75, ’Π4 'Dum’
81185, 5·, 58, 155, 118. 115, 155, 151, 148,
155 5 5, 41, 1511811, 1841115, 1815141148,
155, 151,1511. 118. 181, 155, 151158, zm,
811418. 815, 845, 588. 51. 1111, 1141511, an,
145815, 8114815, 815, 181, m-cmerlon·
mu 1111414, 4815-04141114114, v. 8414,
Hippolytum.

-0411.4.1..1515, 8 18, 185151, 181, 818,
1111, 415, ml, 4554118, 551, 551, 8 185,
145·158.144,115,151,445.58 55· ⁰2, 88,
85, 51,11,58,51,5111,51811, 181, 111, 158,
151, 18, 141, 8 48. 1’18,145,185-151,185,
mm, 515, 115, m, 2883 1444444, v. 541·
14144144, 14441 54141141444444, v. 814·
14,1444. nupt-communius, 1 188.-
confamulum: «84114 0444 41814· 8
51, 5. υ54141445411,4 551 54141444 544-
41144 1444414, m, 55.

-814444414, 8 55.-11441444, 11415444 45
4441114, 4841 1.15411414.-844, v. 8414,
Alpa. 1 45 1118414, 54444144 11114144·

14114114
w

 

