11111*
1111111111,1161111111,111.,6611,614,661,
1111111111, 1. 6111111.
1111111111,61111111.111111,6111111.
1111111111,0.»,1.6111111111, 6111111111.
1111111, 111, 1. 61111111.
111111111611111111111. 6111151, 111111·
111111.

-111111111111 6. 6.,111111111111 11111111-
1111 nomentum 111111, 661, 16.

-611111, 6111111111 (61111111) 611,
6111611111, ancisei 111 11111111,
patruus, 4 1661416146.

-141111,1111111111111111 11 1116111111, 6

-11161111111, suph.. 1111111 611161 do
(111111111161111111 11 1111111, 11111,
5515.

-115111, Δ11.,6111111111111, 1111111111
prom. 111 6. 11111111 1111111111
1611111111 1616, 16, 16, 511.

-1111111,1111.,6111111111111111111111,

-11 Lm, 1111111111, 6111111111 61111111.

-de 1111, 111111, 611111.,611111111111.
Episcopus. 61111 111 unm 111111, 6656,
5166, 6565, 616, 611.

-1111111,1ο11.61111. (1111111111 1111·
11111111 1111 1111111, 1111111), 111 Dux
(11 116]111,6151,161,6466.

-11 5111, 111111, 6 151, 516.

-111111, 6111.,1111611141111,6651,461.

-4161111111, 11111.. 111 Ducit 111 1111111
11111, 6 466, 466.

1111111111, 11111, 11 1111111, 165, 161, 146,
mmmm ’

11111 1111111111, 11111111 unp.. 6 116.

1411111 (11111111), 111, 561, 166-1111,
Gunugu, 61111, 616, 641.

-6111111111111, 111, 1. 1111111111.

11111111, 6111111111. 1111111, 6 155.

1111111, 61111111, 1111111111111 111111-
1111616616.

-1111111 111116, 11111111, (111111, 5

-1111, 6. 1., ex opp. 1111111, 611. 11·
1111111 1 1556. 6 401.

-1111.,6. 1., 11111111, 611. 1111111111.
1555, 5 411, 6 616.

1111111111, 1111111111.

1111111111, 11 Dux 111, 1. 611111111161·
111111, &nardinum 11111 1111, 1. Ve-
1111111111111111.

1111111111, 11111 11111111111, 1111111, 6

1111111111,1111.,6564,561

11111111

INDEX GENERALIS

9²0

111111 d‘ 111111, 11111, 1. 61111111 Acer.

111111,1111111111111, 6 161.

1111111111, 6111111, 6 12

1111111, 6. 111.,611111111,5466.

1111111111111 (1111111111), 1111111111, 61·
111,611.1111111,6615,416,664,116, 161,
mmmm

14111111 marchiensis 111 1411111111111),
1111111111, 6. 1., Romu Belgium. 6111-
111111 11111, 6 611, *m 661, 5116.

1111111111, 111, 1. 14111116111111.

1111111111, P. 111, 1411111111. 611111111111,

11111111 6111111111, 1. 1111111 1111.

1111111 6111111 (1111111111111, 6661,
666, 66, 64, 166, 164, ’61-6111. 6. 1., 6
661, 164.

111111111,111.,6165.

141111, 1. 6111, 1111.

141111, Lupus (1111), 0. 6. nem„ Votu-
111. 14111111111 Abba, 6111111111111111·
ωε, ⁸ 10³, lm, 8 ω1·ω4, ww, m,
6561564, 566, 666, 661.

1111111, 1111111111, 6. 1., 4461, m, 5 m.

1411111, 11111111. 6111111111, 6511

-611111111111, 1111111 11111111, Rom.
1111111111111, 61.

-111111, 6, 6 516, 561, 546, 5616, 6116.

-111111161111111 1111116656.

1111111111,1111111,11111 11111. 61111-
111 Praefectus, 6 161, 416, 516, 561, 564,

[1111171 Ρ. 111111111, 6 1666165.

1111111111111. (11, 61111111 Episcopus,
6616, 614.

1111111111 111 1111111 111111 1111116111·
1111 11,(1111111 6111111111, 6 hm.

-41 6111111,6111111 11 Placentino 111111·
11, 611111 V, 1111, 1111,161, 666, 6 146,
144, 6646, 641.

1111111111 (1111111111), 11 11111 11111111,
111.,6 100.

1111111111, 111.. 1. 1111111111.

1111111 111111, ,1111111 neuma, miiippi
11 uxor, 6 46, 156, 4 16, 16, 166166, m
661, 440, 565, 616616, 6164.

-111111111, 611111 V, 111, 1111, 14111-
mil. 11, 6111111111 Rom. Regis, uxor,
611. 1111111, 1 618, 6616 m· 161614,
661, 511, 6516644, wo, 160, Β, 6546,
651, 616,466,144,156,461,466-466.

-111 61111111 do Alba 11 11111 1111, 6 150.

-111111111,6111111Ι, 1111, 11111, 6111-
111111 61111111111,11111 1111111111111·
5111,6ὣ,83,614,666,666, 466, 6 m, 6
666, 181681Μ, 666, 611, 6165 666, 661,
614, 615, 6 466441, 456, 465 666.

 

