11111111

1911111111 From, m, 919, mn,
999,919,999,9Ώ-191,9199,919,11,91,
mmo-mmejmmmoeexm'm.
9 99111111 11111111, summm, 9919,
mm, Τ19,191,1191111111111111111111-
11 eret 911111111,1999,ω9,991,91,

11191111, 111,, 1 181, 91111, 9)), 111, ’19
110111, 9. 9111111111, 999.
111111, 1111111,1991.
1119111111.. 91, 911111,1111)11.,9 919.
11111,1111.,199.-1111111111, 91111, 111-
9111111, 111.
11111111111111111111111111111111),111.,
1111111111, 1111111, 1111. 9111111.,1111.
1111111111111), opp.. m.
1111111111, 111111. 91111. de,
111,, m.
luem, 91111111.,9.1., 1191, 91111111
91111111 111111, 9911, m 1111111111, 9 91, ξ
9191111111,991,9)9, 199199.
11111111 (1111111111), 111,, 9 919191, 999,
1111111111 111 1111111111, 11111 111111, l
wlhssfflfflss'm· Ι g
nutrient. 111,, 1. ’11191111 91111111.
1111,9111111111111, 9911, 911.
1111111111, script.. 9 999.
11111111(11111111),111., 911, 99. 91, 91.
1111111111191111, 1. 1111111111.
11111111, 1111110111111111111 (111-
11111), 111,,119, 11, 99, 199, 119, 119, 199,
911,919.919,191,9911,999911,919,9999,
999,999,999,191,119,1991, 991, 199, 199,
119, 991, 919, 999, 119499, 919, 991911, 9
91, M. 919, 911, 19,-9111 911111, 11111
91111,1911.-9111.9..1., 9 19, 91919
91, 99, 991-9111. 111111111, 1999-111-
11111111191111111111. Regulum, 1 991
1111111111111, 0. 9. Aug.. 19199191.-
111111. 9. 0111111 1111111111111,9 991,-
911111. lemma-(capim 111 01111111),
9199-11111111 9. 11111 , 9919.
1111111111, 91111111 1111111. 9. 911111, 91-
11111, em
1111111111, 11111. 11 1111111, 9., 199, 191,
91999999, 9919, 919, 999 991. 919, 999,

9111111111

1119, 9199, 9999199, 179, 191, 191.
-111111111111111 9 99, 9 91.
-1111111.,91111 11111, 9191111.
-9111111 91111111. 11 Lusit ‚ 9 919.
11119111, Abba 1111111. 9. 1111111111

9111111111..1111191111911.1111111,

-111311111111111111, 911111, 1 loe.
1111111,1111111111111111,9911. ,

1111111111

INDEX GENERALIS

922

111111, 9111111, 9111111111. 9111111111,
ml.

111111 1111111, mmmm, 9 m, 01,
199,9·99,119,919,919,919,919,919

1111111111,11111,1191, 991.

1111111111, 1111111111 Novio-ag.. 911.
11191111111911.

-91111111 Dux 11 9111111, 1 st 91111111
111111. 1111111111 1111. 01119 Ἠ, 991,
119, 1911 1111111 111111 111111111111-
111.. mm, w.

111111111, 1111, 111111 . 9 m, Imm,

1111111111111,9111. hap„ 1 999 919,

-11, 9111111111 11 911. 911, 9111. 11111-
11111,9199,191,91.991, 99, u. 911,1
mmm, m, 919, 911, 919, 911. 911,
919, 9919,991,991,919,119, 11111) Bina
1111, 1. 111111.

-111111 1111111111), 9., 9 999, 111ς 9111.

ζ 991111111911 91111919. 9119191.

1111111, 911111 111, 1. 91111111911111,

1111.

111111, Α , 111111, 9911.

-1111111111, 111111, 9999.

1111, Andr. 11, 9919.

1111111111, 1. 1111111111.

11111311, 11119 199

1111111, 1111111, 11111111 (11111111), 111,,
9911.-911111111, 9 11) episeopus, 1.
11111111, 1111111.. 9 11,9199.-911111,9

11Ξ1ῗ111,ορμ.,1111,1119,111, 119, 1 911,

ω’ π, 'Um'

11111111, 1911,1151,111,111·,199.

1111111111, Philipp. 11, 91111111 11 rupo
911119 99, 911.

1111111111, 1111111111, 1111111111, (1111·
111, 1111111111), 111,, 9 991, 1 999991, 9

1111111111, 1111111111, 9 9911 9111111111,
0111111, 1111111111, 9991.

Redde, 111 1111111, 111111, 9. J.. 119

---111111.11,9. 9. 111,, m, ἥδ.

1191111111.(1111111.,111.1111., 1 99) 1ο-
mmffiffim

11111111,1111111., 1111111. 1111111111, 191.

1111111111111. 11111111.,111111., 9 991,

11111111, domu· 111 1111111111, 9 99.

-91111111111111,1119; ujus 1111, co·
1111111111 911111, 1 119.

-01111111111,9111111111 Dux, 1 199, 999,
999, 911, 911, 991, 9 91, 19, 111191, 119,
919, 911, 919, 991, 9 91, 99, 11119119,
199, 191, 199, 991, 91, 119, 9 19, 1553 111-

 

