111111

INDEX GENERALIS

611111, 1. 611111111111.

61111, 1666.

61111, Ρ. 611,, 6111111111 6116611111 (6111-
11111)1111111,4461.

661111, 6. Petrus, 1665.

6661111111 111 6111111111, 1. Aethiopia.

6111111111, 6111111161, 6 564.

65111111111). 11 Lusit„ 1614.

Α11111,Ρ.1111.11,4664.

611111 (61111), 111, 6 lm, 131, 132, 361,
663, 6611, ³66, 4 w, 666, 636, 461, 466,
mmwmmffifflmffi
611, 6 581, 611·661.-1111111111, 6 446.-
Episcopus, v. 6111111 61111116 611-
11111 111 11111111 11 Ζ111111.-6111. 6. 1.,
66666666, 4416, 564, 566, 6 411444, 516,
646, 561, 611, 616, 611, 624, 656 1111111, 1.
6111111 111 611111611111161411111.
-61111111111 11111111111111111111), 6
611-111111111 6. 6111111, 6 616. 1111-
plum 11111111116443.

61111, 11111. 11 6111111, 3 6.-1111111111,
1. 61111111.

11111111, 1111. 11, Ephe.. 6111. 6111111,
11111 61111111 61111111, 6 65.

6111111,1.1111116111111.

-1111111111, 111111111111 generalla 61
11111 11111, 61615.

-Ρ. (inpar 11, 6 646, Burgi· 1111111, 4
666466, 461,466,6466,466, 116111111-
11111111, 6561666, 661, 561, 661, 1111111
111111111,618.

-Magister, 11111111, 4461.

-11111111,6.1.,666.

-P 611111 11, 6 466, 516, 616, 666, 5166

-112161111, 61111. 11,11111 61111. 11
11111111 1161111111, 6111111111 111111·
11111, collegii 11 11111111)1 fundator. 6
415,616,661,316,466,4Β, 4 46, 416, 6
561, 611, 616, 615611, 641, 646.

-11 11111111 11 111111, 1111111. 11,111 61·
1111 11 1111111111, 4 666, 6661, 566.

6111, 1111111111 61116, 1616 661.

6111111, 11111111, 1 566.

61111111, 1111111111 11, 1 466, 516, 516, 614.

611111, 1. 6111.

6111111111 16111111111),11111, 6 116.

6111111111, 1’,1)ο11111, 1. Aquila. '

61111111, 61111111. Sacerdos, 4116.

-116111111111, Ρ. 6111111611. 11, 166, 66,
Qffimmmmeffi
381, 426, 6 56, 51, Panormi 1111111, 166,
mmmffiwmmffimffl

111, 1111, 111,111,111111,111,11, m

261,Ὴ,661,166,4165,616, 161, 611, 116,
614616, 1112141111, 166, 6 164, 116161,
166, 616, 616165, 6 46, 161, 166666, 161.
164, 6611 6111111111, 61111111, m.

6111(6111111),111. 11 11111, 6111.

611111, 111111161111.

-61111,11111 5111111111. 6. 1 ., 6 π,
1111, 6111 111 1116.

- 6111.11,6.1.,6646.

-6111111111111,6.1.,6616,46ῶ.

-611111111111111 11, 6. 1., 6 6116, 146, 6
Μ, 4666, 6665.

-1111111.11,6. 1., mmmm,

-1111111111,6..1., m, 4OE

-1111111 11, 6.1.,3166,614, 4 w, 64111,

6111111111111,111., 6 161.

61111111111,6111111, 4151.

61161116111111111, 6111. 11, 6111111111.
11111111111111.

-111111111111,11111111.(61111111),611111
V 1111111111, fl w.

61111, 6, 666, 6166, 611666

«411111, 6. .1., 1111111111 111 11111, mo,

Adel, rognum 11 61111111). 611,, 6111.

611111161111111, 6661.

6111111111 (6111111), opp. 11 6111111, 6
656. 356.-1)11111111, 6, &supinam
1. 61111111.

6111111 (61111), P. 11111, 11 Germ„ 6

111,111,111,11,111111,111,111,11, Ι

611111, 1111111, 6. 1., 6, 111, 116.

6111111 (611111111111), P. 61111111, Lo·
111111. 11111, 1145, 666416, 416, 411, 4101
mmm 181. ml· ⁴2⁸, w, 461
5656661111 11, mmmm
165, 4 11, 16, 14, 661. 161686, 261, Μ,
616261, 611, 615, 611, 616, 611, 6166291.
665, 161661, 616, 611, 611,46,61, 656, 416,
111461, 111411,111,111,411111.

-1111, 6111111111, 616,61,4 161, lm
61, 164, 611, 6 146, 61111, eju· 11111, 6
166, 6111111111 111111, 666, 6166

61111111, Dr. 11111111, 4 Μ.

-611111,6.1., 6461, 11111111 1 S. 1., 4
616, 6166, we,

-Vl‚ Papa, 1 61, 111,4661;1.1111111111
coll. edu 611111 1111111111, ml. 6661
Ejus 61111111, v. 6111111, 111111111-
111.

61111, opp. 111, 1. 11111111, 61111111.

naono·

 

