923

166 66 colleg. 1166661. 61116666 16611·
1666661 1616116116112661, 6 12,
171, 116161, 16, 184, m, 515, 8 6616. 4
161; 6661161666 61 161666, 666 6666 86·
616166, ob 6661611616, 1111, vo, 6 116,
514, 6 61, 64164166, 166, 16116, 6 161,
6 146154, 161, 161.

14661616, 1111666666 66, 6656.

-111666, 6. 1661616661, 11666.

-1666666 66, 11666616 66 1466166666, 66,
61, 4161.

. -1666 6666166 6611666616. 6166166,

-16116 66, (16111661166166,11666161 lv
6666,6161.

1466166, 6. 16166666.

-111, 166666061661611, 1161.

-16666, 8. 1., 666166 866. 166161, 4565,

-66666 8.1.,61666. 1166166 661 (161666,

14661616666 (1411666), 666,, 1 146, 151. 156,
111, 661,6416,6116,465,11,16,81, 61,
446-6666166, 6. 66616166, 16111666
11166 86666161166, 1166166, 11166661, 6
116.-116666111166,866.16616166, 1 146, 14
m, 416 -1161666666, 6661661116, 866·
6166, 4116-6611. 11666166, 666166 61
Aquino, 6166.,1 156, 16,-166661. clo·
61666. 11666166. 88. 16611 61 1161665666
141,-8666161444.

1466616, 566. 66, 6. aonam 6166611.

116666, 664. 66, 0616.,1 161.

11666666, (166616 661514.

4166661660. 8. 866.. 6146.

16666616, 866661166, 8.1.,116666166, 6
1111116, 181184, 181.

1161666616616, 61416616.

116161666. 666, 6 544

14616666166, 11111166, 666161,1’11,161,4
115, 6115, 6811, &a

146166161, 8.1.,11146661161661166,4 151.

-8. 1., 61166 6 61666666611, 41661, 4651.

-16 666. 11166616 166

-06661166666166,6 161.

-16 16666161666166, 4616.

11616616 (14616616), 616.. 1461, 466, 6 1611,
m. 6 1168, 151, lm. 16,-66666 8116·
666 61661666 ’11,-1466661. 1161616666,

14613666, 666, v. 16166616.

1461166666 661 146116666, 6. 8666166 'rho-
6166.

1611666, 666. 616666661165, 481-1166,

” 1161116166616,<116116),6 161. 166, mm

15, 16, 141, 1161116 16616,-1116666616,

INDEX GENERALIS

16,-1161666666, 6. 66661166, 1166161·
666,-56616666116616161,866616,6166·
6166 66 16,4118,116.

1661116, 666,, 6166-(16666 66, 6. (16666
6681166, 1166611666-11 (16666 66, 1166·
11666614666666, 6166666 6166 6666, 6.
81166 061666166; (1661116 1666616161
14666611. (16616666, 1666666, 4 416.

116116, P. 1666. 66, 6666666 415,4 511.

-1666, 66, 811666. (811661, 1166666666, (61·
66661666161161666666 616166), 666. 166·
166,6666,616,615,4511,554, 561, 5 565,
611, 6166, ’66, m

-116161666 6166. 66, Ρ11611616666,16 666-
611., 16666, 4611, 6611.

-81666 6616611. 66616 16616, 1161.

14616,116116.,8.1., 8 111.

-416666 66, 6 661.

-1461611161 66, 8. 1., 16 16616, 4646.

1161666666 (116166), 666, 4616.

1466661116, P. 6166. 6616, 06661611, 6456.

14666, Dr. 6661666, 4166616118 451.

116666666, Ρ. 1166666, 661161, 161, 166,
111, 16, 1Ὲ1, 6184, 165, 451661, 6 111,
156, 651.

1466661, 1616.. 11166611, 6 461, 166.

1166166, 661.,666Ι6511666,55111.

1466661, 6166666, 8. 1.,(1661606666,166·
611, 6116116156151.

-Ρ, christoph„ 6 161.

-Ρ, 11166666, 1611161611, 1 166, lm. 861,
46116111.

-Ρ.11161.,161.6611. 6 866. 1666611, 14 166.

-16666, S. J.. 16 616 06666161 1666166·
161, 1 716, ’6145511

-Ρ., 6 666161616 1666611, 6 m

-Ρ.66166166.,161.116116616, 1 441, 6 ff,
w, m, 6116 6661161. 665.

-6611661666666, 1166616, 8.1., 166666·
61161 86161666666 11666661, 66166, 61666
6666616616 1666616 6116616, 4 666-656,
655, 656, 6111116, 111.

11666666, P. 61666. 664164.

-616666666, 11666611, 666161111166111661,
4 181, 5 815, 66, 151, 446, 444.

-116666611666 66, 6166616 11166. Puer„
11666611 166666, 1 1611, 6114411616
111, 161, 66, 1111166, 456.

-41611161166 66, 6151.

-1³. christoph. 66,1166661.1166166,1155, 1
115,1116,166466,6116,166, 611, 646, 4 6
6, 16, m, 469, 116, 166,6 1111, 171116, 6
46. 141, 115116. 151166.

-11161666 1111116666 66, 8666666 (166,,
116666 661611 V 6666166, 6 11, 181, 511.

-ι111 (1166 (36666666, 66666166 66 1166·
6666,1616.,4ω1,5161.

 

