11111111

11111.
11111818881115.
11111111 (1111111111),’1151,108,8198, 8 66.
11111111111111), inu.. 8111
11111181111.11111111 11111180, 116, 119,

1188160, 8180, 8110, 86101 111111 111111,
1111, 11111 111111, 1111.

1111111111 (1111), 111,, 8 81, 890, 108.
,1111111118111 11111 1111111111,11111111111,

1 111, 191, 918, 910, 115-111, 180, 8 151,

m. 111. 815, 11, 811, 899, 181, 116,188,

198,111,11,19,18, 119, 116, 951, 881,

885, 111, 58], 568510, 511881, 5 6,1, 199,

515, 519, 590, 800, 805808, 611618, 610, 611,

919.150.818.811.1151666.181.18116816891

888815,811,8118,1011-108,101,121, 8 18-80,

11, ww, 110, 115-119, ’111, 191, 191,

-1111111111, v. 8111111111, 11111111 111-
111 81111111 1111111111111111111111111-
111, 1. 01111111 1111111111 011111 Andre.
8111111111 111111111111, 8610, 81101,
..Provincias J ,8 11.-1111.,1188,1.
Annus 81111111 1111111 11111111.

1111 111 1111111111 111111111111, 111111191·
11), 11 11111111 111 111111, 91111111111,
11811111 de 111 11111111, catalauniae,
1111118111111111111111, 111111, 1951,
81,8818·888,Μ,8111,815.

11111111,1111.,111111 111,, 988.

11111111,1111111.,11.8.1.,1 188.

111111, 1 95, 196, 881, 819, 881, 118, 180, n 8,
81, 81, 10, 11, 18-11, 58, 69, lm, 181, 110,
81191. 911911, 856, 818, 8 16, 1119, 181,
119,108,118-115,18, 15, 181199, 900, 118
mmmmffimmmm
noe, 111, 190, 611, 618, 616, effi, 8918,

, 1111111111.. v. Aphrodisium.

Am, 11111106.

11111111 (1111, 811111, opp.,8 181.

811111,1.11111.,8.1.,8Ἐ.

mm· ‘'FP'’ 'a 412·

Aenum, 1111111. 111, 1808, 509.

11111, 1111111111111111111, 11061

11111,91111,Βο11111111111111111,8 110,

-111111 (11111111 8111111111111,1199.

113111111111. 11111111.

Agricola, Ρ. 11111.,111ἱρ1., fl 80, 8 161,
Ἀ,169,811,8Θ.991,891,858.

-11111111, 11111111111111111111. came
rmmmem

Agrigentum (1111111111), opp..1 118, 981,
188, 1819, 8 ala-moen„ 1111189, 819.
-111111111, v. 1111111111.

81111111

INDEX GENERALIB

8111111111,1111.,1. 81111111111111. ·

,11

1111111111111, 1511.

-811111111, 111, 15111 18111111 Bm
111111.

1111111, 1111. 1111111111111111111, m,

-Δ11.,81111111. 8111111111, 8858.

111111111111), 11 111111, 8110.

-11111111111,811111111111’11111, v. 1111·
11111111 1111111118101111111, 1111.

-11111, 8111111111, 8811111181. Episcopus
111111,1110.

11111111, Ρ. 111111, 111111, fl 24⁹, 8 2,
11818οφ8, 815, 108, 118111111811211,
829.181,1181,198199,111, mmm,
81811161, 108, 101118118881211815.
881, 1988181111. .

1111111, 1111111111, 1 511.

-1ο11, 8111811511.

-8111 111, 1581.

-11 Anu, 11111111 1111111 111511,

-118111111, lgm, 1588881

1111111111 (ln 11111 Acutum), 811181-
1118. 1111. 1111111 8111811111, 8181.

1111111111.. (111111 111111111111111·
11111111 Amnis, 8885.

-Α11.,1]11111111,11111. 20th Auditor, 1

-1111., 11111111 11111, 01111111 1111111·
1110111111111111118111. 111111 811,-
111111111, 8 8111881, w, 101, 181101, 8
591, 511811. ’

-811111111, ejudem 1111, 1 865.

-del 01111111,11111111111111>,8 ω, ηε), ’
101, 118

811111161111, 1111181111 1111111111),
epm 118-1111111111, v. 1111111,

8111111111 (11111111 Aqumpam), opp,
ο m·

111111111111858.

111111, 8111111111 111, v. 81111111, mn,

111, opp„ v. 11111 Sextiae.

111-11·ο1111111,ορρ., v. Aquinssnuum.

1111111,ορρ.,1.161111111. ’

Muto, 1111. 111, 8115.

11111, v. Alm.

· 1111151, 11111 111, comendo 8111111, soe.

1111118511.
11111161, opp.. 8 815.
-Ρ, (11111111 111. m.
-111111111,1511.
1111111,811111111111111111,1518.
-11111111111,111111111, ,1111111111 spineo·
111, 811111111111111 01111111 8111111,
8111111111111 0111111. 1111111111, 9
118, 800. 801. 811618, 8 911, 1 818, 181,
581, 5118, 111, 510, 8 618, 818.
1111181111),111,,8188,1518,85’8,
11111111 111111, 01111111, 8 150.

 

