11555455

15555555, 115. 85555.,15 11515. 1555151511.
15515515551.,8184, 185.

155515,15515, 155515 (051511), own 2
818.-Α555151555., 158, 8818, 8 85. Ar·
55155, 5. 8555115, 1555. 85155 11511555,
85555551555,01155,1555., 881181-115·
555155. 8. 15555.,8818.-155511555. in·
51115155, 5. 85515518,11555.

15515515, 555., 5. 1515515

1555555155,115555 85555555, 8811, 881,
418, 4818 148, 118, 11155 uxor, 1155555·
555 55 8515555, 11555, m.

-Ο- 8. Fr„ 115555, P. 1555115 5 555155·
5155.,181.

1555551155, 8. ignatii 5515155155 15 Urbe,

-81155, 55555 115555155. 8155551 11555-
5555155155.1155555,855. 155155, 4 818.

1555555, 551155 5555555, 5. 115555.

15555515, 11555155 55 115155, 1541.

-5 1555, 855515, 4 481.

1555555 11155555555(1555151), 81511.
555., 8118-8511. 8.1.,1884, 844.

1555555, 85551555 55, 1.- 855155, 1155155
55, 8 iso.

1545555555, 1155555115, 1155555155, 4 58.

1555155155,115515 55 85555555 155155, 8
im, 811,111,881,188,85,451,481,8

15155551, 8., 155555.. 8818.

15151, 555., 5. 11115.

1555555, 555.,1881, 1114, 8 (181, 881, 8 881,
4554-85555 Misericordiae, 8 881-85-
5151155 nogium, 8 414.-115555155. 0.
511115515 0551511881, 888.

1555555, 8. 1., Augias, 1555511, 8 15, 88.

-15551, 8.,1 188, 181, 8114484151, 8 111,
w, 5551555, im, 4841, 8 811888,
effi. 88, 8 118, 818, 815.

-8551555, 8., 55 5155 55515155, 8 88, 188,
1118, 811, 88,18,518,818,581,558, 555, 581,
5885854185 811, 418, 458, 518, 555, 8
81, 558, 588, 8111.

-8. 1., Ρ. 85555551 01155511 11555 (1515-
5155 555155 (1558), 8 811.

-8. 1.,115555155515, 15 855155555110551),

-8, 1., 11555515 Romam 515555 (1555),

-8.1.,115511155,8848-

1555551555, 85555555515, 8555. 8. 1., Sy·
5555555 11555555 55511, 8 811.

1555151555 (15515), 555., 5. 15515155.

155555, 1155515 55. 1155555155, 4 81,

1155555515 851555555, 8818.

11555, 15555 (115511), 555., 111, 81, 888,
881811, im, 818, 81188, 11-18, 184, 188,

15555555

INDEX GENERALIS

⁹⁶⁶

518518, 881, io, 81, cm, 818), iim,
85,8,45,18,58,58,58,51,58,1488144,
48, 51. 58, eim. ὦ, 141, 818-1555151555·
555, 8 18-(1511. 8. 855511, 555155 S. 1.,
88118, 181, 518, 818, 81, 45, 81, 81, 81,
848,48,54·58,5881,841,48,18,(8,8188,
84, 8511155 15555155, 5. virilibus, 155-
55515 855155, 5. 85551155155, 1555. 155·
5551ς (11555515, occiderim-Episcopus,
5. 85555,1555. 55555 15. 855555 Ani.
-8555555155, 5. 11111551,11155.; Colon-
55, 15555155, 8 58.-85555155. 8. Be·
555., 8 181-1555155 8515555515, 8. 155·
555111, 8 18, 518, 4 84, 8 51; fl. 855511, 8
81, ⁰⁶3 8. 8155555115, 8 81) 8, 1155155 155·
115 5551511415 fl. 1155155551 85555, 8
1818, 181, 888, 815818, 4 n, w, 8 55, 18,
881, 81; 8. 85515155515, 4155 8. 115511, 8
81) 8. 8515515515, 48581. 8, 8. 155555,
8511, 58.-81555155, 8 1881-855555·
chium 8. 1555, 8 58.

11511, 11555, 8 118.

1151555, 555., 5. 85515.

11555, inm, 1 858, 8811-855, 15 15515
111551, m.

11511 (1115511), 555., 8518, 5. 11115.

Tigre, regnum, 5555 regni 5555515155, 8
Μ, w.

1155555 (155155), 555., 4 loe.

111515555, 1151555555, 855. 551555, Lo·
55511, 8 581.

111151555555 55, 8. 1., 8515555515, ingol-

515511. 8 w. 488.
-1555 555 Lindon). 1555. 55, 8.1., 85·

555 515555, 8184, 115. 15551. 5555155,
155555 55511, 8145 primum 555515 555-
55155, 885, im, 811-814, 181, 488.

11115, 1115, 15115 (15151), 555., 15 15515
11511, 1115511, 8 588, 4 811, 8188.

11115555, 1555555, (551 1515555, 551 1115·
555), S. J. 5555155155, 8515515 11555555
515555, 4 818, 818

11155555, Dr.. 1555511, collegii Pont-
11555555, 1185.

11555, 155.,1858.

1155111555, 8. 115511 5155155155, 8 48, 8

1155, 555.,885.

115515 (155555), 1151555 555. 51 5555515,

11τ5ἐ13ξ1515, regio, 1881.

115555, 51155 1555555, 11551155, 1555515
1151515 uxor, 885, 4 mm 8888811, Μ.

wi. ¹⁴0⁰, 181.
1155551, 15115, Urbini 115., 811.
’1155555 (8555515), 555.,8188.
11555515, 555., 5. 15555515.

 

