663

6161616, 111,111,116,1)1,111,1131,11,
416, m, 611666, 446, 666, 561, 6566616,
661, 611, 666). ¹
1111161111,Ρ.1>11111, 6116111111 11111,
6 611, 4 661, 6 466, 464( Butam mittitur,
6 661.
1111111111, Andr. 11, 1111111, 6 m
611111111161111, 6. 6.,466
61111111111111111111111111111 Barcino·

11, 6 661,- 61111111111111, 6 66, 11 cn· '

161111, 6 661; 1111111111, 6 iia-Valon-
tini 6111. Praefectus, 6 616.
1111111111, 611, mentae, 6 166.
-1.,1οι1111ς11,1111(11 11111, 1111111-
rius. 11111111), 6111, 146.
11111111111111(6111116111111111666,
661,611,616, 661, 664, iim, 6 666, 646, 4
466.-1111111. fl. 6111116 661, 611, 616,
4466.
1111111, 1111111111111111, 6 564, 5611.
611161111111, 1111111111, 611111111111
11111111 11111111, [aetii 1 111111 1111-
111.,4561. “
Donato, 111111. 11111111. Dux, 1616, 6165
11111111, 111111, script, 6614.
611111111111, 611111.. v. 61111111.
1111111111 (1111111111), opp, 61.
11111-6111111,611111,1111111. 1111111,
6161.
111111, 111, 6 161, 46116 166, 6 111, 1164.
-1111111.,611(1.,444.
-1111.Δ111.,Ρ1111111,6 w, 666, 6 66,
16141616164. .

· -11111111111,666.

-(111111’0111),1.1111, corniano (111,, 6
66, 64. 66161, 166, 164, 166, 161, 166.

-111111, 611111, 4 166, 111, 114, 111.

ratini (11116 i· 01111), iudom, inoffi,

- 11111111, typogr, 6 61.

1111111111, 4111111111 1111111111, 4 614.

11111111, 1111111111 (1111111, ‘rhy-
11111),111111111111, 11 coli. 61111, 6
466111111111111, 1111111111, 6 61, w,
m, 616. m, ⁴⁰²2 461

111111, opp, v. 11111111.

novet, 111,, v. 1111111.

61111111, 1111111111 (6111111111), opp..

111111,1111.,1. iimo.

ungui. 111111, 1616161166, 166, 166,
4166, iffi.

6111111111, onom, up. annbion, 6

INDEX GENERALIS

11111 611111», 6 611; 0111. S. J ., 6 217,
1111111, iimmot, iimm.. 6111-11111-

, 111111· 011111111111,6614, 566, 6611

611111111111. tertii 111,, «1111111611-
1111» 6 116, 611, 11111, «1111111111,ι 6
611.-1“111111116.1411111111, 6611.

111111, P. 1111111111, 6666, 666, 6 46

11111111, 1111111111, script, 6 146, 4
16, 61, 66, 661, 666, 546.

11111111 (111111, 111111), opp.,8 166, 4 14,
6 16.

1111111, 611111, 1111111111, ioseph.

1111111, 11111, 1106161.

1111116111), opp , 6616.

1111111, 1611106. 6., 4161.

1111111, opp..1 162, 416, 4 66141111 11.
S. Aug, 1 166.

-61111111, 6. 1.,1611.

-111111111161,6.1., 6416, 6 w.

-111111111161, 11111111 puter, 611. 111-
1111 111, 116, 111, 669, 666, 616, 661, 6
iii, 6411, 6 416, 6 566, im, 6411.

· 1111111, 1111111, 4661, 661.

nun-enne, 6111111, 111 cange, 111111, 6
im, 661, 641, 166, 5616 161.

liugai, 611111, 11111111,61111111 611·
1111 61111111 11111111, 6561 .

111111, provincia 11 Pogon, 4 641.

11111111, 11111. 111,, 6111111616. 1 11111-
11111111111111,4666,6ὶ6,660,6666, 666, ·
66165, 61116466, 466.

Dum, 1111, ι611111» 1111111611.

11111111, 1111111111 (iiix) 6111111 Prae·
111, 6654.

1111111 (1111111), 1111111111, 6111111111,6

111111,111111.,6111,1145.

-1111111,6.1.,466,669,161.

namugo, opp„ 11 6111111111, 6 616, 661.

11111111, 1³. 611, 4 661.

-11111111.,’1“11111111.111., 61111111 vi·
11111114111111111, 6 11, 4 ω.

6111111111, Duranius 11, 6111.. 11111111.
111,, 6616, 6 666.

1)]111116111111111111, 1111111111, 1111-
1111), ioum, 6 1., 6166, 646, 46416 161,
6 646, 646, ³54.

111111, 11111111, 111111,4665.

111011, 6111111161, 11111111 11 1161111,
6111166611. 611111 11 61111, Boiori-

611111 (livoni. opp.. 1 164, 111, 151, mn Ι
611, 611, 616, 666, 116, 6 832, 654. 666666,

11111111111111111),1ρρ.,1116166, 116, ι 461166,161,46,664,461,566,565,566611,
Ι64,61,166ι164,666,556,6616,617,61ω, , 614,516666,661,616,565,656,156,561666,
m, 616, 616-01111111101111111, ‹spi- 666, 66, 666, 616, 611, 6611166661, haiti..

 

