9⁶5

1111111111 11, «81111111», 8111111111
1111888.

1111111 (Tan-agona), 111., 4 881-11-
chion.. 1.(111111111118111111,011111;
11111, 111. 1111.. 4 m-liioao„ 4 880.
-11111.11111.81.,4Μ.

Tanain, 111., 1. 11111111.

1111111111111, 8111, 4818.

1111111111 (1111111), 111., 1818 100.

111111 (1111111111. 111. 11, 111111111
1111111111 811111, 8810.

-1111111, 1111111111111111111111111111.
111111.111111.1, nagia 8111, 1 lo). 8
8148118818, 8181810.

-8111111, 1. 111111.

1111111111111111111111), 111., 8818.

1111111 (11111111, 88118851, ml.

111111, 111. 11111111 11, 1. 1111111111
Almana, 81111111111.

111111,1111111111, 8111111. Bp„ 8181,
8818, m.

-1111.,1111111.1111111. 11 card.. 1 88,
181,888,111,4111,8118.

1111111 (111111), l’. 11118111, 11111111
8111111111, 8 wi: Paiavli Itonion, 118,
111. 181, 8 111·111,4 llo-122, 181188, wi,
8111,118-111,111.88111·888.

111111,111.111111111111, alvan-aa 11 11·
1111, 11111.,8188. .

-11111111, 8. 1., 111111 8. hano. 1111-
11181111 11111114111, 0118108.

11111, 1. 111111

111111,111.,8Έ1, 4818.

111111-1111111111, 111 (111-11111, Sina·
1111 1111, 8 Ἡ, 8111118.

11111,111.,1. 1111111.

1111111,111111.,1. 11111111, (lemanna.

Taglio. 11111111, 1. 111111, 1111111.

11111111, 11 11111111111,111111., 8.1.,
(1111, 881

11111111 111111111111111. 11, 0. 8. 111.,
8111111,1818,111.

-111111 11, xenodochii 11 11111811111
(111-11111111), fundatrix, 4181.

-111111111, 8. 1., 0111111111, 4 m.

1111111 (111111), 111. 1111111 11 coarat·
io 1111111111, 11111111111, 11111114

111111 111 11111 11111, 1111111, 111111),
P. 11111, 111 11111111 11111. 111111111
dianoni, 1111,111-111,οω,111,111,111,
8 .

-Ρ, 81111111, 111111.,111, 1111118. 8 88,
3111111811811014111148181148,
iffiwmmmmmmm
mama ιη ω151141η1 mm, mo
ἎΜΜΜΜΜΜΜ, 181

' INDEX GENERALIS

1111111

m, 881, ’111,111, 'lille 11, 111, 110, 111,
1118188811.

-81111, ioan.. 1101111111 111111, 111111-
111 11 oanan, canalia, 111161, 111., 4
1111111.

-81111, 111111, 1 1111111111 111111, 8 8101
nina 111111, 1111111 laon, 8111111111,

11111, 1111111 111111, 11111111111111·
11), 8. 1., 81111111111, 4181, 181881, 8
loo, 11111111111,188; 11111111, 8888.

1111 11111111, 1111111 Potina (111111),
111., 8180.

1111111111, v. 11111111111 1111111.

11111111, 111.. 8081.-111111111. 8. Aa·
111,0. 88111, 8 181, mii-iv co·
111111 11111111, v. 11111 11111111 11
11111111, 81111111 illigo).

11111 11 uoniam, 1111, 81111011.
8. iacobi, 11111

Tarentina, Ρυ111111,11111,8811,418, 811.

11111, ioan, Tarraconen. 11111111, 4 im.

11111111, 11111111, 1111111111 (1111111,
111111, 111111), 111., 8 858-1111111111,
1118181, 818-11111111111, 1. 1111111111
110111111111,111. ·

Termini, 81111. 111., 1. Tiamaa lllnno·
111111.

11111111111111. 11, 111111111. 111., 8 11,

11111111, 1111111111 (11111111), 81111111.
11111 111., 8 818-811111111, 11111111,
11111111..811, 488.

1111111, 111,1. 11111111.

11111, 111., 1. 1111111111.

11111 11111, loona 11111 81111111,8 16.-
111111111, 11111111111 111111, 0111111,

-8111111, 1. 1111111111.

-11111, 11111 11111 81111111, 8 io.

11111111111111(111111111), om

1111111111.. 1. 1111111111.

111111 (ria 1111, 11111), 11111111, 111111-
111, 8111111111111111111111111111111
1111111111811111111111111, 8 iffi, 180,

111111, v. 111111.

111111 (wollar), 1111111111, balanan. 111.,1
180, 180, 811, 8 ’8, 181, ooo, 818, 811, 18,
588,811,118,181,8888,811, 118, 818, 181,
1118, 818818, 4 881, 811, illl, ‘loo-loe, 111,
815, 811, iiiii, 8 88, liii, 881, 811, iil. 888,
1ῶ,814,111,818,111,010,811.

1111111111, 8. 1., 81111111, 8 80, 4 188.

1111111,1111111 aon prov. 1111111, 1
181,1ω.-011.,1188.-811111,111111, 1
111,-1111, 1111111,1188·1ω,118

nouat

 

