101100

0101100111 100011, 111100, lm, 1011
1110100001, 110, Μ, m, 110100, 100100,
0010001010, 111, 104111 0101011101,
0101111011οι, 0111101101, Tridentum, 110·
110, 1011011 1011111,11011000110,11001
10 1111001101, 0101100010 1111001, 110,
QOmfflmmmma
0,10, 1011, 0001110010, 11ς 11010111·
00101, 1110111, 110110, 110, 111, 101,
mmmmmmmmm
101, 101, 0001010011 0010100111 10001110·
01 1011 1011 0101011001,100, 111, m,
010, 000, 01111101, 0100110, 0101111011ιο
11010, 01010100, 1111. 01, 01, m. 110,
110, 110, 111, 100,101·100,110,101,101,101;
01 0001010110 1010100110, 110, amb
0111110 (1111. 11010110 111 Gom. 10 0111-
0110 11010011,10,10,01,0001101,00,01
10101001 1111010111 1111000, 01, 001ος
01011 01111110, 1011110110, 0001110, Ε,
111011, 0·Ιοος 0101100110,11011111,
101100110111, 111,110,111, 110101, 110,
100, 011, 111, 101, 010, 101, mm. 110,
Romame 110, 10, 01, 11011111101111-
011111111. J. 111010οι1 1101 1101, 1010,
0000, 01, 01, 00-10, 01, 01, 100101, 101, 100,
100. 101100, 111,151, 100, 101,150,100,111,
110, 111, 100, 101, 110, w, 101, 110110,
110, m, 1111111, 111. 110, 1001110001,
010, 000010, 0111, 001,010,001,001,101, 110,
111, 110, 110, 100, 100, 10), 010, 011, 001,
010, 010, 010, 001, 000, 000, 00100, 111,
w, 110, 1111010110111, 000.

110011, loom, 01111101111101 01011, 100.

1111101, 0. J.. 00000111, 1 w, 01010011,
101, 0 100.

-01010111, cm.

0111101000, 1 000, 0 010-00101001 01
11110011 a 1110, 1110,-11111111, i

011101, 1101010001, 111100, 01111010·
011, 01011 0010, 01101101, 0011.

unnim, 111011. 01, ,11101011 011001, 1

’ 010001.

0111110111 011111, 0111111, 0101, 0. 1.,
111100, m.

01100011, 0111100101, 000101 0010111.

0110110, 0101111101 11, m.

-0101011,110101011111 1101, 1011.

labus 11100011, mox 01010 10110111. 01·
00100. 011, 0111111011011101 1010,
01001,0101,101,1ῶ,0011,0000,010.

0101111, 000.,0100, wo.

01011011, P. 01. 1100011101,οω11010101
10011110011011011,0140,100.

-111101001, 0. 0., 000. 110101,(100101011·

mm

mm 6011000118

“ 011

0111001, 001011 01011. 11101 0111110001
0110111,1110οι, 0. 1010, 0111110001, 010·
11110111, 1 101, m, 100, 011, 010 01111·
1111, 0 101, 110 11011010111010001, iffi,
00οΜ0110110
11100, 100101, 0 110, 112, 111, 101, 1⁴7.
110101, 0101, 10 110011, 110.

11110111, v. 01011.

01010010100100. 111011 10 111001, 00111.
010110,11100011111, 0 Μ.

-Αο011111011101,0. 001111, 0101011001

000101 0011001111, 1111 0110111110 000111,
v. 00111, 0101011001. ·- ln 0001110101
011101, v. 0100101001,1.11001.-10 Au·
11111, v. 011000, 1110110 111101010οο,
Η11101.,810001100, 01111-Ιο 0110100
101, 10οῑ v. 1100011001, 0110010 001111,
01010110οη 010101, 0010111-1101100111
11011101001,1110000101,010111111, 1010.
-00 0110100111 Ducem. 0. 0111111011,
Ioum-In 011111, v. 11111101 011100.-
10 1111011011, v. 0110111111, 0111101111
1101001,.1010. 01001 0000100101 11-
111101, 011100,-10 01011011, v. 111010,
0110011100 0110111011, 0100-Ιο 11110,
v. 1111101, 01001100 000010, 1010.-00
Imp„ carolum 1, v. 1101111110, Hieron.
-10 11011, v. erius, 01101.-10 00-
110, m, 010, 1100, 001, 00ος 1. 111011·
1111, Lusit. 01101101ςο1111,1110.,1100.
-0110011,0001.-0110111,1101,111; 011-
1111111000111,101101,0100.-10 1010
011100, 1111 11110011, 0101111, 11000001
10-10 00101111, v. 1100011001. 101001.
-00 0110010111011101100101010101·
01011101-Ιο 011011, v. 01010, 011001·
11010 0110111011, 01011.-101110. Cone.
010101 10 011111011, v. 0111101, 1111111·
1011 0111110001, 1111110011 110011,
1010. 1111111 Polus 0101011001.-1101-
0111, 0111111, 1010, 0100, 0100 v. 01-
11110101, 00111001 0111, 1010, 0 100,
110011111101, 011100,-10 1101101οἱ11111
1111111, v. 1101011, 1110. nupt.

01011101101111 (1101111, 000111, 0001101·
0111, 1 100, 0 11.,·0011111,11111;1110111,
101000, 000 v. 0110110011 0101100101
01101011 01100011, 11101000 0011 01 01-
utro 10 00111011-Ιο 1110. 00111.,1. 00·
1110, 011000 111011 1101111 01,,010011-
01011101111111111 1011111011, 0 150, 151.-
00 1101101, v. 111011 111011.

010101 00001 10 0101.,01011,001011,,1
1101 010111, 01511 1100110011,1)111101.
010101 01111111011111011110 011010, 1 a.
-10 011111, 1110110011, sunm 11, Μ

-1011101,00001111,111.

 

