949

1155555555, 1155555555 55, 5155155 5155515
5551881, 185518, 11155 uxor, 1518.
1155555155 (5555555), Andr. 55, 1155555, 5

55555515(11555555555115151,555.,5581

551551, 055555 55, Philippus. 518

551155, 5. 5551155.

Rex supremus 15555155, 1 lm, 118.

55555155 551 551551515, 5551551, 5 588.

-1555515155 55, S. 1., Annibalis 155155,
511555555155115515 555511555 55 8. 1.,
588, 81; 1151551155, 55555155, 5 118, 818,
1 181, 581518.

5555555, 1111555515 55,8155551155,15 domo
11555555 188, 1111.

55555, 555.,1 188.

555511 (15551), 5555115155, 1111.

55551551, 5. 511555 5551555.

55551555 15111, 0515115155 opp„ 1 115, 151,
555, 5 111, 5811

-5555155.,11555555155555, (155555 5, 5
8815 8555555, Aug„ 8 111.

1155555 15155155, 81, 881.

5551155 51155 5515155,1151155, 555155,
(55111, 555551, 55551, 51551), Ρ. 5155.
1555, 05155155 8. 1. 55555551, 1 81, 588,
581, 5 818, 5 Q 555555, 81, 888811,
181, 181, 5505155155, 55115515 trium 55·
tow. 5555551, 5115, 188, 588, 115188.

555, 5.1555.,555151.,1815.

115555, 1155155 (555551, 555, 5581.

55551555, 5. 5551555.

555555, 155.,111.

5551555555, 5. 5515555555.

5155555555, 51555555555, 51555555555
551 5155555555, 55515. 55,1 111, 88; 15
(151115, ω, 8³53 55555551, 881, 88, 18811
58, 818815, 818, 518, 511 555555, 5111, 558,
555, 551,811;11185555555,85, 51, 18. 182,
818, 811, 885, 815, 818, 5 18, 111, 188, 1118, 5
11, 88, 51, 88, 15 1151515,11,18,51; Pem-
511, oe, 81, 81. 181, 181, 118, 881, 81511111,
111, m. 581. 558, 511, 11, 88, 81,Β,811,18-
15, 11, 58, 518, 5151155115 15 8515155 55-
5555, mm 115151, 581, 581, 811, 581,
ἏΜΜΜΜΜΜΜ

1115555555, 055555 55, 5. 155585 51855-
555, 1555. 1155, 15, 115511555.

51551551. christoph.. 15 conae, 1858,
818, ml, 815, w, 5111418, 155, 5 815.

-5, christoph„ 51155 5 5555555558, Am·
1551511181.

-11155555, 555555551555515), 15 1551555
5515555, 5888, 511, 818, 811511, 851.

-5, 1155155, 85555151, 1888181811, 5511,

511555, 5. 511555 51555551515555.

INDEX GENERALIS

515555

515555 11155, 1155551555 55, 1 05551115 55
01155555 uxor, 5181.

5155555, Hier„ 5 585.

51555511,1555.,8.1., 5155551155, 15 5555·
11555 55 8. 1. mire 55551555, 5 18, 181,
181188, 5 88.

-15551155155, 05515555. Ep.. 5 181,

-1555515555 55, 41⁶5.

5155555115, 5511155, 555155155. 115.,5

51551,1ο55.,1155115555551. 15 15511, 1

5155555155 (11555551), Aug„ 1155111, 5 115,

5155555555 (51555), 555, 5 8118, 818-518,
811, 5518.-1555115 8. 1155551115, 5811.-
vinarius (155,, 5 811.

51555, 1³. 1515, 1588, 188, 858, 5 8855 188.

-5555, 8.1., 555515555,1888;115555555,
11881;555555,5555555115 5555155, 5 ffi.
188, m 1555511, 518, 18, 51, 5 w, 15, 18·
85, 88, 81, 5185, 188ς scriptor, 581.

51555, 1³. 1115515555,555151., 5 811, 881, 881.

515155 (5115), 1.85555.,0551ι5551555855.,

5155151, opp.. 5. Ariminum.

515555, Abba, 05551511, 5 518551.

-11, 85111551515555, 5111.

515-8555555555, 555511155555515515,1

5151555155,555.,5188.

51555, 555, 5. 5155555555.

5155, 551. 8. 1.,555555,1188.

11155155,11155.55, 8. 1., 05551511, 1 5811
11555155, 5 5815 compluti, 5 588.

111555, Eum.. 0. 8. Aug.. 555151, 5518.

-11 como· 551, 1115115, 81555, 5518.

1111555155, 1155115, 5. 1151551555.

511155, veneto 8555151 5555551151811.

5111555555155, 111551, 555151, 158

5155 55 8515, opp.. 11851.

-5, Dr.. 1555511555511181, 81, 1 51,
58ς Bononia, 1111, 5185, 118, 5 111, 188;
1555511, 5 188.

-8, 5555151555, Neapoli, 8 1885 55511 ox
5155,, 1818, m.

-1555 55, 1555555, 511.

5155155555, opp.. 5518, 551.

51555515,1555. 115115 115555, 555151.,518,
5181115.

515555, 8. 1555. 55, 1511555155 Patria·
555, 55155115. 1555155. 51 Pron-ox. 5885.

-5111555155, 1555, 5511555555055551
581555(555515555 pro 11555155 1115555 115515
55 15 comma. Or. 11818), 8818818, 5

1115555

 

