⁸9⁵

0111111, 1111. 0111, 0. 1., 0111111111,
0110111 0101011, 0010.

01111, 011111.,010. 011111,1,11.

0110111, 011011 (010011, 0111, 0110111,
omn). ovam-*mmmm
00, 0 ltm-

0111, 11111111.

011111, v. 011101111111 111111.

00101, 011.,1 m.

0110111, 011111 (0110111, 0101011. 1111-
«immolationum, 0111, 0 14,
11, 11.

0110111, 01111111 (0111011, 0011011111·
01101), 0111111110 11110, 0 mm 11.
0011111100111 0111101111111100101,

1111111, 1 &k v. 011111111111.

0111111111, 0., 11111111. 111. 1110.

1101111110, 0111111, 0. 0. 001.,11111111
1101111, 0 10.

011111111111111110. 1., 01110, 111111,
0011111111, 1011, 0 11; 11101001,
0 m v. 0111111 011111 0111111111,
1011.,100.011.

-11111111 0111101. 0101011111.. 011111·
11, 1110111011.

-01111111 0. 0. 11110, 001111, 01111111,
1101, 100.

-11111 01,,1. 11111111, 0111111 Loso-
1101111 00011111,1111.,1110

001111 (011011), v. 0111111.

0101, 1. 0111111.

0111111, 1111111111, 0 111.

0111111, 00111111, 0. 1.,01011111011 11·
1110111111111 11111011 nomm mittitur,
”mm

0111111011, 0111111111, 0011011111, m·
tronum

01111, 11111 neuma 10010111, 011, 1
01,11,01,110,111.11, 101, 1111111111.
01101, 011, 010, 001, 10, 0 01. 1110,
7101,10,01,11,101.111,110,101.111,11,
11, 01. mmm, 00, 111. 101, 101101.
1001100100, 10, 11, 01, 10111. 110
101, 1101101000101,101,101,111,110·
11010, 111, 111, 011001, 011001. 001.
-11111110 0111, 000 111, 1100 111.-
1101111,1.11111,1111.-01111111 011
11001. ,0011011101.,010,10,110ςο...1 1
umlzwwwmw.
0101110110. 110, 111111, 110111, 010,
101101,101,101,111, 111· 11, 1111 001111,
1001111, 011111 001011111, 111101-
111111110101. v. 11111, 1011. 0111.

-010101111, 1 111,1 10,-001, 0111111
0110,1111.1111.,0110 Ὧς v. 1111110,
111.-1111111111, 010-111111111111,
11111, 011111111 0. 0101311, mdio-

mm 0011011110

11111111

111101111111111111101.0111111111.,0
11, m: 10. 011111.. 0 111, 111.-01111-
11101,1100,010,01, 01, 10, 101, 101, 110,
11000111.

-11111111 111100111111011011111111 0
’ος 11111011110 101 1111101111 00, ’0,
0110, 110, B. 11. V. 0111111111, 0 10,
101; 01111111, 0100110, 0101101, 1111
0. 0111111111, 0 π 0. 01110110, 0 1011
0. sm, 10111, 11, 1141011111 11011·
0101111111111. 01110111, 11110101.-
001001111011 111111011.,10,11.

01011111, 0. 1.,111111101111111, 11111·
1110110.

-1111111, 0111011111101110011.01111.,

-011111101, Δω1011111111.,0 110.

-1111, 0. 1., 11111111, 0 w.

-1³. 1111011, 0011111011, 1 00, 0 011,
1101 011111, 111, 110, 1 011, 00, 0011
0101100110 0011111, 00, 0 1111011111·
1110111 1101111101.

4101111010.

011111, 011.. v. 0111101111.

01111111 (0001111111, 1110011111, 0. 1.,
111111,01,0,110,111,01,101,0111,

01111111,1.0111001111, 1011110111.

0111011110. 1. 1101111, 00111110, 1111.

001111, v. 001101111111111111

0111111101111111110), 1111111111, 111,
1111111100. 11. 00101. 111. 111.
11010110. 1011100101. 101, 1111111111,
mmmmmmmmm
mmmmmfflfflmfflm
10,10,11, 11,(1101, mu, 1011, v. 01,
mmmffimmmmmm
111111. 411111. 111. 10. 111. 111. 111
111001, 011, 001, 001011, 0 11, 1111000,
nmmmfflmmffistn
111. 110. 101, 101, 110, 1111, 111, 111, 110,
0115011011Ηδ111013111101.
111.101.010,111,001,00,1,11,10,11·11,
11, 0101101110, 101, 110110, 111, 111,

111, 110, 111,111,011,111,1“10,111,110,100, ,

011,101,100.111,110,011,010,0, 01, 01,
01, 111110 01,Μ,Ν,011,111,100,01,
111, 111, 101, 100, 101111, 101, 011, 011,

-111111111111, 1. 0110111 lv 01 11 111·
011. ¹3 11111111. 1 11 113 1110111111, v.
01111. 0111101111 11 111.-11111111
1111101111, 1 100-111111111 1111111111,
1. 111011, 111111111-110111010 01.,0
111, m, 111, 10·,111,101, 11111111, v.
11111111, 0111-1111011011111. 1111011,
1111111110111.

01111111

 

