41144114

04144414 14141141,1 114, 4 m. 441, 414.
114, 44400444, 414141144. 414441
141. 141.111.414.111,44.441,414, 411. 4
41, 411. m. 41141. 441. 441, 4114444141
441, m. 444. 41,-1114114414 41,,441.
01, 41, R. 41, 414. ·

011414414 44441141. 4 441414, 144. 414.
411. 441, 114. κ, 4 41,-114114414 041·
4411141441.410.-114114411 41,,444,

01144441. 04411.. 14114111441414 1411141,

041444. 1. 04144114.

041144, 1444. 1111111141 44. 0441 «111 1411-
1111441 0411111·4441144441141,144,411,
411411141541411441411.

0411441, 441411.. 14 0411. 01114.. 4414.

0414444 (041444). 444.. 144, 4414, 414,
411. 4 m, 44411. offla-con. 4. 1.,4441.
-1114444111,4414.-441144444.11114111,
1444. 44, 4 414. 414; 4144141, 1. 41141
04114114, 044411.. 4441. om.

04114141014414, 1141144441 441, 1114114·
14· 414141 41 1444414, 4444144444114·
1141444114 4111141, 4 144, 4 41, 44

04144, 11411411414441 411, 4 4114411144
1111111 «1111411414» 04114111141141144.
1411441111. 4 444, 441, 414141. 4114141,
41441444. 4141, 4141, 4111414,

04111, P. 1444.. 04144444, lm. 4 041 111-
114 44111441,101; aneinono. 4141, 44,
414. 4 474. Μ, Μ, 4 4441 041414444 114·
414418.

0111441141. ewardum, 141114.

01141444, cup.. 1. 1114144144.

04411441 1044111441, 4, 1., 1111441 111·
441 4144144144 1111141144, 4 w. 441.

0111141. opp.. 441.

041444. regio. v. 0411144.

0411414411114101114414. 1., 04444 no·
41441 14411. 4 w, 144144 44411 44111 111-
144444114 14 441114, 4 41, 4 411, 444,
w, 444. 444, 454. 441, 411.

011114, 1141.,4.1.. 4411.

0114441141, Patr. 444141, 0. 1..114

01444444. 1411.. 141144, 4111, 18⁰, 4 1111,
1014144.

01111141. 1114441 Princeps, 1411.

014141414,11 14141114 44, 144114 11
sommam, 4144.. 4 4441 4141 4141,
1. (1414444 41 11144144, 1114441444, 4

0111141141, opp.. 1.(14144.

014441441 (1444), mmmmm.-

· 1141144441. 4144114,1414.,1 4441 v. 1³·-
414441444141414, 11144411.

41111414

mm enmms

01414141, 041414444111 14111111 m,
444. 44111 04144114. 4 m

01414141441. 1444. 14441.. 41.. 011141414
01444, 414.

01411, 44 quo 14 441141. 114144111.

(³¹3ss 1111414111, 1411311111. 44414144
Soc. 1141111, 45111, 4 m, ¹²³¹· m

0111141414144141.

-1444, 11441.,1. 111141.

011,1444.,441 111. 1111414.» 1111114144. 14-
11414441, 4141.

01144 411414. 441.. 141141, 4411.

04141 141011141.1411.,141141..4111.
011414 (141 0114114), 141411. 414141 Rem
44114144. 141, 4 411414, 414, 411, 441.

0141441,01414411,1.1141444,11111411.

0144111,1. 04111444.

0144111411114 11144411, 1414.. 1141141141
sociat-ten 1444 4444111, 4 141. 1st

01411444 141 141114, 141114 41444144 14·
1141. 441. 444. 444, 441.

0144144114. 44441441, 401, 411.

014141141,1.14141141, 111. 41444.

01444, 444.. 1. 0144414.

014111. 04414.

0114444111. 011441. oppa, v. 1114114144.

0114141, 14411, mys-nme, 1441.

-1114111141, 1444. nupt„ 441141.. 4 M

01141414. Ρ. 4411441141 11414114111441
1444114411, 11144 4411411141 141111114-
1144114414 1141141,4 114414. 4 41, 21.
41111. iffi 11441414 1444111441, 414·
114441. 1111414, 14441141 4111, 4141

0111414, 04414411, opp ‚ 1. 1114144141.

01134411, ιρρ.. 1. ungentum.

01144 41 1141444. 1144.. 1144114144 Al·
14144114 41 11444141, 4 1544 111, 41111
uxor, v. 1444444 144444.

-4411141414,041414, 4. 1., 4444411411

01441141441, 11411.. 141141.. w.

0141444114 , m.

01111411, 14111111. 1111141141 Manu. up„
ο.1.,4111.111.

01441111. 1. 0., 141141.,4144.

(inloto, 11444. 1114.. 1. 111414.

oon. 111414, 4 444.

-044, 114, 144,141, 1141. 114141. 144.
141, 1441141.411,41,Ὴ,44,144444,
mmmffimfflffifflm
mfflffiffifflmmmm
mmmmmmwmmm
14114144. 144, 111141. 141), vm,
41. ’4. m. 44. 41. 41, 41, 4 41,
fl, 48’11411811961451Μιωινωίόωι
u. 4441. man. 41. m. 4141 ⁵

 

