8144144

5444444 14441..51411144)1144444,1η,
w, 1 41. w.

⁴·oe- 1411.. 5. 1., 44414444 04441411,4

-Ρ, 1411. 44414444 54144411444. 5 411.

-1144444,5.1.,1154144,54Ά

-14.,,·14141111114.144441454(>1.114141,1

-11144144 ..1444414., 44114141, w), w.

-44 114414. Fortun, 1511.

*441 14414444 41 1444414. 1144411444, 14·
1411444.. 51444114.. 41 454144. 1141444·
pun, 5442, 5514

-11414114,1444., cordubensi 44144444 4
44414114, 5515.

-414 Tuledo, 14114, (14444144444144. 4

-441414444 4114141, 1444., 1 1441441444
54114444. 4 411, 555. 11144 4441. 11411-
4444 44 1111414, 1444444411.

54444444144414. ι. 5414414444.

5444444. opp„ 1514.

544414 (414), (44114414 5144144 em

544414444154444444).144414. 1155, 4
545. 5115114114

544414 cruz, 1. 544144144.

-11144, 14414441444444414, 4414 444141-
414444 4444144 4114144. 1152, m. 146.
455, 455, 4514111454, 441211. 140, 4 511(
11144114141, ι. 1444444.

-Pide (41144 54444114), 4114 14444. 0144·
4114151.152.1411,4[1,451.4551.5551.
mmmm

-1441444, 144414, em

-114414, 144414, 4 111.

5444144 014414 0414.. 54414511 Rp.. 1 441
441) 1. 0411141.

-114144 (1414.. 5141114 (5141114).1141414
444441441141.

-1441144 4414114 414114» 411144 44444444·
141.. 11414444, 1444.. 1551.

-141144 1444444144 45544, 5444444. 14-
441.. 5115.

544411 444411 04141.. 1. 1141444144, 1141·
4444144.

Augustini 414444141 14 51441114, 5111,
-014444114 (1414.. 1. 014414, 1444.
-411441141444.45544,5144444,14441..
5 wa.

-1444. 414 1144444114 04444. 4114144 44
14141414441.. 5555

-14144 44 maye 1141411441444, 4414·
1414, 4414114, 1541.

-14111, 1444444 nupt.. 5.1., 1444141 41111.

-54141141 411544, 1114414144, m.

5444144

INDEX GENERALIS

9⁵⁶

544414 (14441444, 1141114144 44. 14414141

’ 44414144,154444,110.

-111411441 (544 1414441). 1444. 44,5.1.
1114414444 (14444111, 1 511, fl 14 511. 14.
114111. 5511.

544414144 (441441441444141. 54141.,1.
14441.η441.,1,51,141.

54441441,114444144414. 14441114, 5 m,
5115414111.

-5, 1. ,(154) 5141441144, 111, (1555)( 54414,

-41441144 (544 4144414). opp.. 1 111.

4-444141144, opp.. 514.

-4441444 (544 444141). 01114 4 514

-444414411114 41444 1111441144.

-1144141, opp„ 5514.

-114114 (544 1144), 45114114 0. 5. 544.. 44·
4141111444. 044441444114;1111.114,Β,
154.1111.114.141.11.311.4ῶ. 111111.
118.1)1.11.118.45.511.45514501
15.-0411.5.1.,5 45, 414. 415, 411-412,
411, 4 515, 511. 5 41( 1144141. 1. 1141141·
114444(54()41141,1.11144.11411.-“144·
(1144, 5415.

-1441441144, 1444145441.

-144144 44 14444444.. 5455.
-11444444 (5. 14414444), opp„ lm.
-1114441411444 (5. 11414111), opp. 45544,

441141444, 441141.. 5 effi.
-11144441444141511, 451, 5 51144545),

4 5. 5515 -1441444444, cnm, 444541. 5

511. -111441144, 044144,444441,111.

-Thomu (544 114444) 441 1141144414,

14114441. 1441144414). opp. 14 1411444

05114444441.1 161. 151 11.1,415.1 514,

41161811154441544Μ.

455,115,541,111.111,141, 514-144444

414144 14144114414144,5441. ”
-11144441144, 41444144 1114411144 114414-

4144, 0114144 (5541441). 5144144, 5 m,
5444144 1144441144 (544 11444141. 1114441-

4144 41 urb· 5144111441 151, m m,

mmdlffl‘llvmm 1451, 455, 451,

451, 45141, 414411. 415, 411, 45. 412, 515,

4111151111 &mmmmm

414. 5114, oel. ω, 554. 5 mmmm,

145-0411.4.1..5455-4ω,411.411.4511,

5115514441421, 4144414151.-

0444414141144 114414141444. 5 454.-

141144. 1 419.-1>14114414,1 115, 4511,

454454 54, 5 515511. 441, 515, m, 5 55.

11145, 151.

54444141, 41414414, 41.. 114414 414 1441414
41144, 5115. 4455. 45).

-54144141444414,544..45’5,111.

714441. (14.4511.

 

