14444144

1141444144 0414114411 144444 numm,
11100, 0 105, m, 040.

-1411 41414, 1 111.

-1414444144, 14144441. 41411411444144,
04111. su. 441411, 41141144 141444414
04444404141144 41144, uon. 4114414·
444. 14114444, 4 04, 8100, 00, 140, 5 10,
150, 154, 150, 0 0, 04, 010018, 1110101 11144
44141, 510.

-01414114, 011141 044144141,1’41444.
04414 44141, 004, 101.

144414114414441144141444, 1. 14141114.

1444114, 01411.. 1. 11144114. ·

14411441,01411., 14 0411. Germ„ m.

141144144144114414), P. 141144, 11441411
14444 4414444, 01011 0444414, 0 110,

1411414,1.4, 4. 04444.

1441144441.,1541.

-11441141,1541.

14144114 (144444), 411,, 10111, 150, 150,
115, 111, 011, 404, 400, 0 01-111444144,
v. 04111, 1411411144 1144114. 11444411·
444 Pium-sociatu 0141114114, 1 150,
151-1441144 14444414111 convertur..
1151.-11441144,1150.

14141, 411, 5 840.

14114,.141144,1. 141144. .

14141441, 11444414 0411. 0414., 4 101.

1414414414114144144, 4411141144 141411,

1141444114, 14414114414414,4111414114,1 m.

141141444,14411444,11441411,4180, 100, 0
151150.

1411444, Dr„ 1. 01111444.

14110 (14 14 1414114141,1141414444,
441111, 0 510.

141144 0414 141414, 04114141144, 141 Gui-
do 11141444, 1111141 Dux, 500, 011; 1144
4441, 1414444 01414114, 004, 105.

-141144, 1111141111. 41 cord.. 1414411 14-
14144 41441.,0 400.

-41144, 0 500.

1411114,1411114411411141, 411. 1111444144,
04414111 114444, 0101.

14141444144114144144 41 1144141144 41
5144444144 141, 1141444144 141414141,
444.144141,4144,114, 114, 105, 100, 150,
154,110-101, 100, 18411014, 101, 444, 01,
4. 14, 44. 44. mm, 4444, m, 444,
fflffimffimmmmm
440, 581, 01, 0 111114, 4144444411, 25⁰·
110, 105, 4 15, 10,11, 101, 105, 118, 184,
w, w, m, παῦ, ΜἾ, Ἠῶ, m·
w, Νι ww, ⁸ Ἣ, 2⁸, Ὦ, 91. Μ.
44. 11100 w. 411144, 444, 144444,

4444110011. 414, 441, 44414, 414444,
’ 5414441444

INDEX GENERALIS ¹.

888

118,001.015,0110,11,01,05,10,010,011-
844, 010, 048, 040, 010, mv, 051810.
01011010, 110, 084400, 401, 410, 411,
4541 11144 Procurator 14444, 4 10.-
1144 4441, 1. 4444.

14101444144. 44411144 41411044, 141014.
1111144, 5101040, 041150, mo, 0 &a
104. 00. 0111401010οΜ

-11, 01411144 144, 5 110.

-111, 4144141144 41 Legionis 144 «m 0411-
101 1 494.

-1,11141.144, «1104101144» 1 10, 518, n
&mmmmm

-11141 144444, 1111111111 41144, 5540.

-114144444411, 5..1.,1.441411, 0 101.

-5..1.,11441411, 0051.

Ι 14141,111.,144111444, 541. 4440104144, 0

14114,1110444404, 1. 044144 114 11144-
144, uuum V, 1. 044144 (14 11144144,
04444100444410444141444141144
4441144 114 05111414, 0411411441 14444114
1454, 4444.

-1 Dux 14, 1. 144144 do Flfflmn 1144444
(D. 04444).

. 144444,411.,1.“11141414.

141444 14144 do 41414, 1444414, 1541.

1414441144 (411441 441444 1411144544 141
1141444044).

··ᾸῘΙῘ11., 1 m 4

-4111, 44111141, 5458. ,

-4111, S. 1., 114414110110.

-(41144 1141444044), 5. 1.,04411411, 5501
1144444440, 5 lm, 115, 0 114 114.

-1441. 44114, 14 11411. 0441141444, 5

-4401.,04411.5.1.,14 14411, 0415, 410.

-4444, 0440. 5. 1.,14 14014, 0 ’50 1110
ste, 4 501, 551, 540, 500.

-441, cond. 5. J ., 14 144114,οΜ,141,”81,
0400,4050·510,5014,0810,10444 141
41144 Ant„ 4111.

-04411414,14444,014411144.14114414011·
11141 044411 (1414144141. 5 m, ὦ.

-Ρ, 144,,044. 1411444441550. 14 1414414-
444 44111411444 (1441144141, 4 511, 501,
580, 5 001 14 1411144 14411 (151), 5 011,
040, 041, 040, 8411 11444 1114441, 041414
0414414144 144414 14144141, 04, 551,
500, me 181100.

-1144, 04114111444, 1441; Tingi, 0
1051114144158Μ, 500, 000, 110, 0 410,
4004500, 510, 510510, 5 5141 4111 (1555),

-Ρ, (141141, 1141114, 0 045, 540, 0 501

 

