⁸79

01111111111. 11,1)111111(0111) 01111·
1111111111.01111111.,0111111101111111.
imminendum 1111111,1111,101,
1111111111111, 111, 111111, 111, 111,
sQQQQmmmfflffi
1111. iffi. 111. 1117116·

-P. 1111111. 11, 011111111 1111111111, 1

-1111, 11, 1111111, 1111111, 1111111 im.

-1111, iiior. 11, 1111.

-111111111111, 1111111111 11, 11 11111111 11
111111, iv 1111111111 11 1111111111,
11111111.

0111111, 111,, r. 1111111111.

01111,111.,1.011111.

-Ρ.,1111.1111111,111.

011111111111.,1. 0111111111111 civim.

01111, r. 0111111.

011111111111. (11111 011111111 111 011·
111), 0111, 1111111. ,11 zm (111111-
11111111.

0111111111111111111111, 11111111, 11-
111111111 11111. 1111111, 1111, 111.

011111111, Aion„ r. corruo.

0111111111111 01111111111111110.

-111111111111111111, 11 0111, ii 111,
mmm, 1 11, 1111111111 111, 111,
111, 111111, 111·111,“1ω·ῶ, 10,11, 11, 1
10,111,111, 111, 111.

-11111111111, Pamin. 1111111111,

0111111101.1111.11,0. 1. 111,,111.

0111111111111,1111111111111111, 1 111.

-11111111,1111.111,1111.

-11111111 11 mirre, 11111111 111, 1 111.

011111, 1111111, 1. 1., in 11111, 1 ’11, 4

-1.Δ11.,1111, 111, 1 111, 101, 111, 101,
novitiorum iirg.. 1 111, 111, 1 111111
11111 011111).

-11111, 011111 mmmm, 111. mi·
111,1101,111,1ω,111,111,111,1 111.

-11111,111111111,1.1.,1’100,111.

-111111, fl. 1.,111111111111111111111111,
181-Μ,1110,111,111,111111,1111,
111, 111, 11111111 01111111 interficitur,
mmm, m, ὅ m ew·

-111111, 1. 1., v. eorm, Ani.

0111111111 (11111 0111111111, 1111111111,
1111111111),Δ11.,011111111 ,11111 111·

INDEX GENERALIS

corinun

111.-11111111,1 iiii—(iubemur, v.
111111, iamin (111111111111 1111111,
ima 11, 111,-1111111111 1. 011111,
11).-11111.111.,1.011111,111111 111·
11111, provinciali· 0. 1. 111,, 1 11).
011111,1111.,01111111,1100,
01111,1111. mmm.
011111, 111111. (1111111),111111111 111

11111, 1111111111. debentium 111.
-111111111111111, 11111111111111101·
. 111 11 111111, Ιι1111111111111, 1111.
-111111, 11111 11111111111111 viiio, 1

1111

01111111, 011111111,1.1)1111111111 01111111.

comm (011111111111111, 11111111·
111111, 1 111, 111

-1111111111, 0111111111 1. 1., 1111, iiii,

0111111111.,1101, 1 iiii, 111,-111111·
111, 11111111, 1111. napi. 1101, 101-
'impin 0111111111, 1 1111 'impium
1.1111111,1111.

011111, 111,, 1 11-011111 1111, 111·
111 11 11111111, hunni.. ii 111

corvino, 1111111111, 1. 1.,1Ν, miii.

-111111, 1. 1., 111.

0111111111, 011111111111111111111111, 1
oe, 11. 81. ⁸ 111

0111111111, 0111111111 11, lunayo 11
111111, 1111111111.

0111111. 111,, v. 0111111111

0111111,1111.1.1.,111111111111,1111,111.

01111, v. 111111 111111.

-1111111 11, 1111111111 iuti· intutu
11 01111111 V, 1 111.

-Δ1111,1.1.,1101,111

-11111111 11, 1111111111 (1111111111, 1
111, 1111, 111, m.

01111111,11111 0111111011111), i’. 111111..
1111111111, miii. 1111110101·
11, m 1111111111,11111 1111111, wi.

0111, 111,, in 11111, 1 111.

0111111, 111. 11, v. 11111111. 111.

01111, 1. 1111111111, 1 111, 111, 1111, 111,
1 w.

011111111111, (innui, r. 0111111111.

0111111, Ρ. 1111. 11111,111111., 1 11.

0111111111, 111 01111111 (du 0111111),
Ρ. 01111111, 1 11.

111 11 0111111.. spiscopus 1111111111 11· -Ρ, 1111111111, 1111111111 loeium 111,
11111111, 1111. 111, 111, 111, 110111, 111,11,10,11,111,
0111111111111111111111, 111. 111, 1 110, iii-iil. 111-111, 111, mu,
0111111, 1111111101, 1111, 1 Β, 111, 111, 11, 11, oe, 100, 101, 101. 1 111, 1111, 1111
iffi, 101, 101, 811111, iii-in, 01101, 101- 11111 percurrit 111111, iii-liz 11 111·
loe, Ιῶ, 11, 11, 11, Β, oei, 111, 110, mi, 1111. 11111, iiii. 111, liii-iiiii, 11), 111, 111.
mmmstmmbiiffiilzffioffiw, -Ρ, 1111111,111111 11 1111111111·

0111111111

 

