1414444

044444, 1 818, 808, 801, oei, 88, 8821,

1414444 41444404,1444414,41414411444 114·
444144. 8. 1114444 14 opp. Boionio, 04·
414444 8414144 44444, 1 818.

-41 (1444444, 144414 84, 1 811.

-41 14444, Agnou, 11 0444111444 414 Hon-
14444, 4 888.

141411, 1. 1444. 8441, 41144 14444. 8441.
84 1444, 84444414 8444441444 44414444, 1
isi-1⁸93 84444444, indo liugubium, 441,
442 448, 448, 448, 498, 8444444 8444444114
nugetur. 8 233 Eugubium 444411, 28814
58,11444444ιοη1444,8 200, 211-219.

1414444444, 84114444, 1541.

-1444, 44 14441114 8. ignatii, 1 518.

-84 0441144, 1444., 1841.

11144, rognum, 1 918-1144, 1 819; iiius
1441444, 1444141444, Philipp. 84, 1 819, 814.

“ -1, ioseph 144414, 1841.

-8411444444, 8411444444 «14441144 144444»
84 0441444444, 1529.

-de 11444444,1144444444(18144), comitis
84 08414 111144, 0444144414 4444144144 8.
1114144114 4141444, 1 810. 801.

-41411444444, 1414, 11 044444 84 01414,

Velitrae (velletri), opp.,1 111, 1 118.

14111, 81411144 14444414 444444, 8218.

14144144, liutgerus, 81141144, 8 481.

1414144 (41144 1411144, 1411144), 8444444,
114. 1441444, 1444441,114144144, 8288, 8

1411144,14141441, 04141441,1)4. 04144144·
414, 8441414114 (44144, 8 288.

-114444844, 1444441, 04144144, 8 288.

14111144, regio, 4. 141114 14111444.

141444,1414.,4. 841444.

141414, 4444, 8544.

1414444411(144488444)1144, 8441444144 (84
84441444), 441, 4288.

144841114,1444.,8441 0411441144 4 44444-

144444 41 14144, 8144.,144411484ς4114114-
4141414, 8809.

14441144, 1444114 (1444414), 4444481144, 1
2⁰8, 211, 4 182, 8 m-Consui 84414441·
3411444141, 4181-844,1)44441ο, 144444,
1818218 1141144 (1141111), Andr.¹ 12³3
141414444, 1444444 4441, 4 liz-Nun·
1144 Aponi.. 1 482-14141444144, 814844,
1144441, 8 228, 221-14414441444, 1212·
214, 211.-84144144, 1812814, 4181; iiius
84444144.. 1 211.

-444, 121, 29, 81, 51, 8489, 88, 88, 8811,
ῈΜΜΜΜΜΜΜΜΜ
mmmmmmmmmffi

1414444

INDEX GENERALIS

974

181, 881, 484, 418, 418, 410, 411, 419, 411,
48,491,111,16,88,81,88,81-ῶ, 182, 184,
101,194, 198, 811-211, 218, 215, 218811, 419,
424, 418, 418, 418, &iffi-iffi, 4111481808,
8011508, 8 1824,81,88,81,81,118,120-121,
129, loe, 188, 188, 181114, fii, 284, 488, 4
8, 8, 14, 41, 49, 89, 80. 08, 81, w, 111, 121,
129128181198, 181, 142, m, 291, 1119, 88,
14, 91, 154, 188, 182184188, 1811119111,
111, 811, m, 814, 184, 1148284281, 218
284, 2882981110. 890, 818.

14441144, 0411. 8. 1., 1118,141,148,180,271,
218, 404, 10088, 208, 211, 218, 218-211, 48),
122, 481· 489, 418, 801. 8 109, 111, 118. 112,
121, 181184, 188,492,122,129. 121, iiii,
138,8188-181,1”41,4 49. 219, ffel-21³, 228,
211, 288288) 11441444. 1444144, indm
11414441, 044444.

-Domus 11414114,1404, nih-Monam.
1144444444, 128, 1210, 4114484111.-
114144 8. 144441, 188-844411444 8. 114·
4144 (148441111414, 181.-’1“44444144 S.
14444.«1411411ς44·,8 111,8 m 88.
Trinitatis, 1 218, Huius 14144, v. 11444-
44444, indm Templum 88. 14444. 41
14411, 1 102 -8414444414144 1444441411.,1
81) 88.1444.4114411,181,8111 ’

1441141484 (de 114141148114),441., 8

-114444, (1141141844), S. 1., 84444444, 8

Vffisiuu (1444414), P. 1414, 4 14114 141-
1144, 444414 141114144, 14444441. ιω, 114·
411114814444441, 1249, 245, 8 204, 218,
8208, om, 284 8144444 844144, 888.

14444444, Novae fliup. opii.. 4 981.

14441144 (1444114), nior„ 04441, 8444144·
4441.,1144441144. 4184444444. 44414144..
14441444 4144441. 14041114, 1144444. 41 14-
441114, 158 8. 144414441114 1444111
4444144444144441114441 14441114, 89, 10,
18; 4414 11414444, 1014 8411484444, 118,
188, 188, 184, mii, 4211, 4211, 1 21, 28, 218,
wi, 8 292-111444 444144, 1 28.

144441144 (14444111), opp.. 8 51.

144.11444,1. 0444144 841441, script.. 1
888, 8 281, 8 281, 8 ii.

14481444111,14444., 444141, 8 188

14444144, 114414841404411444141414444-
11, 1 888, 4 845, 8515.

1444144, opp„ v. virodunum.

1444444, 414,, 189, 280, 1 800, 808, 814, 819-
811, 818, 818, 808, 812, 818, 884, 8 Μ, 889,
4940, 482, 8822.- 0411. 8. milii-Rre-
441144. 8. 444144, 1808-144441444, 4.
Solia-Templum 8. 14441, 1819.

-84, 411414, v. 84441444 de 1444444, mpii.

 

