6666

8666 (166166 466666), opp. 666661161161661·

pem 111.

11616, 6166. 1 66, 111 1166666166 Dux. 4

66, 19.

-41616 11 66, 86666116 111166161166666166,
61166 66 6666666666, 1 491, 4 66, 69, 66, 61,

-166666,11666611611, 1166666166. 116616
11116, 116616 66 66166 uxor. 1 118, 466,
oe, 6 686.

-111666666 66, 61616. 1, 166666166 116616,
11116,419.

-8166666666, 86666116 11, 1166666166 116-
616, 6116, 4 56, 61111.

-116666, 66, 66666116 11 1666666 196.

-116666166 1166, 1166666166. 6611661666.
Dux, 8661666116 9611. tunt 866666, 116-
116.. Argeum.. 1 611111, 1111161111,
161, 198, 461, 496498, 411, 416, 111, 111. fl
11, 11, 16, 65, 66, 1116111466, 456, 1111, 111.
495, 416, 498, 199, 6141141, 118, 161. 161,4
6661, 66, 616611, 89-81, 89,19, 91, 166,
161, 616, 41, 191), 166, 161, 168, 149,141,

. 146141119161, 666, 6 111, 196196, 199,
111-119,111,116,116,111,118; Ejus uxor.
1166616.

-Hippolytus 66, 1166 666166. (1666., 116666-
11611,1166666166.116616, 166666 (61166 6
cardinali 166666. ejusdem 66661616, qui
6666 1669 666 6666666611 m, 198, 6 18,
411,11,11,18,19,646,61,64,66·69,111,
111, 8116, 166196.

-16666116 66, 8666611611, 1166666166. Du·
616, 6116, 4 66, 68, 19, 11.

-16666 66, 61166 11666166116666116166·
666166616 116616, 61166, 1166666166. Ep. 66·
66166166, 666166 (1666., 1191, 6 116, 141,
466. 61, 69, 64, 11, 11, 81, 6 161, 161, 164,
161, 168, 141. 866, 6 189, 196.

-111 11666616 66, 1116616666, 411,-11166
uxor, 1161666666, 16616166411.

11616666, 166616, typogr. 4181.

11666116, opp.¹ v. 816116.

11616666, 1166616666, 116166 66 8666666,
166666, 4166481.

86166666, opp», v. Cilniana.

8666666, 116666, 8. 1., 6 196.

-(61166 816666), 111616, 8. 1., 8191146566

11616ἑί6611166666, 16 16616 86611661, Alma..
116816666ῗ 48161 (16, sequenti· 1661661661,
1 .

-16ἓ6686666611, 1666616666 66, 86616
6611 66 666 Rome, 1 61, 66616 86666,
11661666 8611116666, 81, 86161666,81,66,

Romam. 16616166,11,1.6666166,116111,
6616

INDEX GENERALIS

886

1666666166, 161666166,666166616666,
186161, 111, 118, 161, 111 16 1166166686·
6666611666, conimbriam, 114111, 10,
[11666166666111 161, 199, 861666616666,
1611166161666,1661116, 111, 861, 811, 411,
418119, 416, 1616661666, complutum, 453
1166666, 481, 481, nomm, 1 1616, pro·
16661666666616616,15,11; 6616 1166616666,
1616611666, 9666166616, 8666166666,
161, 161, 866666616666, 111. 116, 116,(166·
6616666666066661666111, 111, 164,(16-
666666, 8666666666, 966666663666666,
Burgus. Bolentia, 616819, Μ, 868, 81),
816, 618, 616, 611, 6218111, 03661666, 166·
yolum, Burgus, Superior 1616666, ffl-
6111, 641, 618, 616, 111, 6 18, w. mm,
1118 1161, 419, 181, 116 Antonine Provin-
616116, 1664, 6661686666666666666616,
mmm-8185 66661 Methymna constr.
16661661611,1111,186.Μ,811,8ω·491,4(6,
mmmm, 511. 6161111118.
611616, 981688, 466, 661, 6 46, 46], 481,
666, 561, 611, 614, 611618, 661, 544, 641, 116
061163118666166666. 66 cunnus. 86·
perior, 661, 611, 899, 1611166166666 66616,
6611166666 16 Anulum 661 Belginum.
116, 616. 961, 861, ij 666166, v. 86616·
66661666.

8616666, 1666616666 66, 0. 8. 8666.. 866.
fautor, 8811, 6668.

1161666666. opp.. v. 86166166.

11666616, 86666616, ’166616 (1666666), 66·
[16,16, w, 8 61, 68, 166, 6 61, 186.

11666661, populi 16 116166, 11181.

86666166 1v, 11666, 469, 611, 6 14, 616, 8

unguntum, 166, 8.1., 16666116, 4 114

11636616, 8166. 66, 8. 1., 16361666611,6Μ.

1166611666 (1166616), opp, 1 111, n 169,
116, 481,441,441,144,66,11.11,61,66,ῶ,
11161, 49, 61. 4 6, 61, 61, 66, 1111, lm ’8,
119, 8 111,-,1566616 S. 866, propo nu·
3661666666-66118. 1., 1141, 441446,
464,611,66.64,61,46.451.51,66,111,
8 181, 1666666, v. 866666166616, 616661 -
(16666166 666 Magistratus, 66611,-
616666616, 6 64-1161666666. (1666. 8.
966616, 1441, 411,-116666666. 8. 616666,
{mundaum 666 1166 Dux. 86666
6666661666666,661.-1’666,)16;8.666·
616, 8 811, S. 11166161, 8 111, 461,-11166·
666. 6446116, 6 666611. w. 4 66.

Europa, 1198, 811, 149. 411, 166 461, 411, 1
fflmmmffiffiffimm
164, ’111,118, ’61, 619. 15,18,111,8)1,111,
158, 418, m, 598,661,611, 1111, 691, 619,

 

