9³9

14111441444,1.,41444141114,1101411,
mm, 411414,111,111,11,111,111,114,
111111,111,111,141,Ἇ1,111,414,114,111,
111111, 41, 114,111,114,111, 111, 111,
mfflmmmmmffiffi
111, 111, 111, 11, 4141, 111. 111, 111. 141,
11, 111. m. 111, 111. 141, 111, 111, 111111,
’111, 11411, 111, 111,(111, 114, Μ, 414,
411,414,111,441,111,114,111.

-4 141444 1114, v. 141444 1144.

-1, v. 1444444, 1.1441.

-1.1., 1144414144 4114, 111.

-1414144, 41444 141414 144441, 4 111,
111, 11411).

-1414141, 41114 41 414441441 4114, 111.
-.,111ο141 414441444414, 1414144114, 441-
44441 ,14441 4111.

-1414141, 414 441444444,1141144 14414,

-141141144414,1.1.,111414444111, 1 Μ.

-1141414114, 1. 1., 1114144, 1 111, 0

141114111,1414,111 11, 11, ω, 1111, 'n-
11.11,11,11,11,11,14.11,11,141,111,111,

. 111, 111, 111, 111,111·114,111,141, 141,

141, 111, 111,114,111,111,111·111,111,111,
111,111,111,111,114·411,141,141,111,161·

’ mmmmmmmmm
mmmmmffimmm
411411. 411, 411, 411, 441, 414, 4 1, 11, 11,
11,14,11,111,111,11,111,111,111,Μ,
1141,111,,111,11 111,111,411.51,11,
41.,,,,1111,11111111111.Μ.Μ,111,
111,441.4“41.111,1,41.45,111,1111111,
111,1411,,,111411,11,111 111, 111115,
11411111.

141114 11, 1414, 1441. 144414 41444114,
The-tinorum institutor, 1441411441. 44-
41141. 44 cord. 1144411111 11, 14, 111.
4114,111,114,111,111,111,11, 11, 4 11,
11, 11, 114, 111. 111, 111. 111, 1111111111,
111, 441, 411, 111, 1 14, 11-11, 114, 1411, 11·
11414111. 5141111841. 101. 111.
mmmmmmmmm
11, 171111, m. 11, 111, 111, 111, 141,
11,111.111,111,114,11,111114,111111,
91, 1111,111, 111, 414,411,411,411,411,
111,111.114,111,1111,111.11-,1111,14,
111111,11,11.18.11.11·11,41,41.11
11,1141111114,111.111,111,11,141,
114, 111, 111, 111, 11111111, 141, 144,
111,111111,11,111,111,111,111,1111-
114, 1111111411, mm, 411411, 414,
Μωωῶῌωῦῦῶῌω. 611.
11. 411. 11]. 148. mi, 114 111111.
141,·11, 111, ’414, aaz 11114 14444444114,
1111, 1441. 14414.,110;(1444, 1441.

INDEX GENERALIS

mmm

4141111111, 111;1144414111,411.,’1 151,
1 111ς1444411141,1111.-1411111 44444,
14414114 111, 1111.

14144441, 4. 144141444114.

14444114 (144441), 111114, 0. 1., 14444114
11., Summi 1414. 41 4441141. 11441411-
441411444114, 114441411. 14411411444·
114, 1111, 1111, 111, 111.

14414, 411.,4. 14114
1444111444(1414144), 144411414, 1411. -
11., 4. 14144 4414114441, 0141444114.

14111114. 114111414441144.

14444. 4. 14144.

144,141414.ι14,1144.

144444114, 1441111414, S. 1., 11 144411.,4

141414114,1441.141441.,1. 1., 1111.

14414444, 114. 14444141441, 4111, 111.

-1111444,0.1.,4. 1441444144.

1444411, 11411111.. 444114.. 11.

1441444144. 411, 1 1111111111.

-14114414144441 1144144140. 1., ³8³6,
1111411111, 111, 4411.

14144114144114411.,1111.111.

1414414, 411,, 1 410, 411, 411, 1 111.

1411414444, v. 14141444, 1441414144.

regu, 14111, vel 1414, 1141144 11141. 44·
11141,1144111 141411, 1414 Focum, 1
1411111411,4144,111,1111,1111.

4411444111. 4114.

-141111, 14141111, 141411414, 4144.

141111, 141 1444114(14ς1),1145.

14111144141441. 14414.,1111141.,111.

14114441, 1441., 1441144414.

14114144114 (14 1411441441, 1. 1441, 14414114
Nom, 1 1111111141, 411 4141111414. 141·
4114144444,411,441111;144444144 114-
4444, mox 441441 144411414114 (141141444-
1141111111, 111, 411, 414, 411, 411111, 1
1111141111, 11111, 111, 114, 41, 15-11,
11, 111, 111, 1111 11144114411 144444444
(1411. 141411.4444141411.,1 111111, 114-
1411111411, 111, 1111111 4444444444 414-
ponito, 4111111, 111, 111, 111, 111, 114,
111,1111,111,111; 4114 4144411 4414444.
1414444,144444. 11414444, 411-11.

-114. 1441., 14414114 114414114441411.
14444444, 1111, 41111.

1411444, 1141444. 414, 41141141. 1411444·
114. 4 411.

1411444, 4. 1111414.

1414411441, 4. Paulo-Timon.

14141441.. 14441141. 1111144444114, e

14114114 (4411414), 1141. 1144414414,
1. 1.,(1414114 1141414, 1444141141, 441141
14444444 44144444444, 4 14, 111, 111

Pmm

 

