W

811, 8 ὦ, 211,112,181,1ὓ,8ω,811.
-1118181818, 8 181,-8811881888, v. 888·
1188, 181,, 1818818,1181888,81818881,
8888181.;11181818 888188 1188181181,
oid-cun, 1 111.-8881888188, 2 181.-
1188211. 8. nonnum 2 warrior 118-
nm. 0. 8., 2218, (1.0. 8. 18,, 2811
-1118188 0811. 8. 1., 18818181, 181,, 1
881. 8284888188 1118118811, 2 218·

mamam, 1118881, 8.1.,1ι 11118888 tn
1811188118 mit, 2818.

-8811188.,8.1.,8188188118,111181111, 18
Hispania, 2818.

Panormus. 81888888 (8811888), oppa

‘ mm· 810818 ²⁹⁸· m, mmmm,

Μ,122,22,1,11,8182,11, 11, 18
88, 82, 121, 28122181, 210-112, 211218,
1288182888, 818, 818, 88888888,
8118, 188, 121, 112, 212, 812201, 111, 218,
218, 211212, 212, 211, Μ, m, 282, 1 8,
8818888281, 201, 110, 111, 218, 121,
ΜΜἊΜΜΜΜΜΜ
1182102111, 221, 212, 211. 218, 218, 222,
8 10, 121, 111, 281, 211. 188222, 811, 218,
211, 818, 222, 211,-18888181, Nova, 2
211, 8. 1188111 dell· 1888, 2 888-18·
88118, 1188888188. 81 1811881111, 1 228,
0188811181, 1818, 1121, v. ’18,118811
do 1811888118.

-0811.8.1..1818,281, m, ww, 221, 2
81,81,8·12,11,18,81,82,211,228·281,211,
212, 118, 218281, 881, 881, 8 181, 221-202,
211, 212, 111-211, mw, 212. 288, 288281,
m, 28, 12111, 211, 218, 218, 210, 222, 121,

, 8888888888

218, 218, 2228 18, 211, 81, 228221, 881,
118, 1181, v. 18811111, 81818818.

-118888 orphum. 8. 118881, 222, 8881
88, 8888. 8. 1., 2 182, 880, 8 182, 888-
1881888. 1., 8 211,-1188811811, Gon·
”mmm-w, 218, 181, 88⁸, emh 8.
88881811118811, 812, 8. 88818181, 2
12, 8. 1888. 2881. 11 11888888, de 111·
,11881 (18 18818811 11881188), 1 208, 8
222, 8 w, 121, Ν, 8. 81181, 1 881.-
'reum-2 B. V. 1188181, 8 202, 08181188-
11, 1 218, 81111, 8. 181,, 218, 80, 211·
111, 212, 818818, 888, 8 228, 8. 0811111,
1222, 8. rme„ 1821, 8. 1188111811
(1888188888 8. Philippi, 2 888, 8 w,
222, 211, 8211, 8. 88181, 2211-1181818-
1111828118, 1 211-81888888188 in·
8888811, 1811, 8 181.

mmm! (881188 1888111181, 118818 111·
1181,8881181),88188.,11881. 1881111888
118181, 21881 181.

'l'- n·

INDEX GENERALIS

mm

8881111888888118, 2 181, m

88881818, onuphr„ 888181, 818.

88818, ’1181888 (88811), opp.. 1281, 211, 8
211,-18888888, v. 118188, 1888. 11118.

rupino, Hier.. 0. 8., 81888118. 1818111-
1881188111.

Papius, 1818888. 8..1., 11888 08188118
81811, 8 281.

Pappum 1189181811 112.

pappenheim. (118,. von, 1111888888.
8811888188, m, 281, m.

88881, 81881181, 2 188.

popm, 1888111, uu 88881888 regio, 8

818818, 8. 811811, 2 1111,288,8211,811,8
118, transfuga 888, 1 ww, v. 888·
ndu.

8188118818, v. 8888118111.

818381, 8118188818, eaput, v. 1888-
8188, 88.

quuuit (nguny), roffio, 818818,
111, 1 818.

88881838818881888 in 0818881882
1081081118.

88818, 111,,1118, 1 181881.

-11 11 08111, Hier.. 1121.

-de 11 outa, 18188, 1 181.

8881818188 (81888118), 88818111 888, 8

Parodana: (81111 8181818111) 8111881,
88188188 181, 1181118171, 11111881, 8
81, 251, 122, 128, 188.

88811811 vel 81811818, (18 textu 88811111)
opp„ 1 888.

8881811, 8811118 Parisiorum (88811),18, 18,
20, 22811012, 1812, 81-81 (mum, pro
8881881188 Nouam, lm 18 simma).
ffl‚5o,oe,oe,w,79‚oe,ffi‚m,oe‚loe‚
181, 111, 118111, 11818112. 118,188,
mmfflmmmmmm
82, 810. m. 101, 118122, 2 8, emm,
meQmfflmMQ
118, 882, 811, 828, 828, 8 12, 88, 28, 118,
112, 112, m. 81-281, 8818888188,
1221, 2888188, 281,211221,222,228-
822, wo, 281, 110, 118, 822, 8 88, 11212,
QQQQQQQQQ
811, 181, 881, 881. 8 12, 12, 188. 208, 212,
181, 112, 118, 118, 121, 181, 181, 128188,
1112188811.

-18888 8. 1118888111, 8811188. 111 «Le
81111218, 818. -1881118 8. (inmuni,ss
8188 Μ, 1 212,-818188 (08881881 ca·
181181111881.,1188188,1888.,1220.

-0811181181 11, 8888888888, 1 81, 188,
118, 111, 181, 111, 121, 2 Β, 81, uentu
18811, 1 11, Navarra. 128, Rhomen·

hm
8 .

 

