917

mol.. 0111111111 (11111111) 11 0111 1111,
11111111, 0. 1111 1111111, 11111, romu·
1111111, 1 101500510, 510, 510, 541, 1000.

-011111111111, 0. 11111111, 1111111-
11111, 10, 1111111111 prom 11111, 10,
1011, 15, 510, 1111111110111111,510,511,

-1111111111111, 0. 131. 111111,1111111
11111111 1111111 11 bello, 1 511, 541.

-011111111111, 11111111, 0. Igu. 1111111,
00115ῶο01.

-011111 (1111111111) 11, 0. Igu. 111111, 11
11111111111111111 11111111 11 11111, 1
511, 541.

111111, 0. 11111111, ptum 11 11 11 mon·
111-1111 1 contentionibus, v. Emit,
11111111;1“111111111,0. 0. 1114111111·
1111111111, v. 0111111111- Ejus 1111111·
gitur 1111111111, 11101111, 1 011 hri-
101011111111111 0111, ung. 1111. Pe·
11.-.1 11111111, v. 011111ςο11111111·
111111ς 0111111, 1111. 1111-01111,
1111111 novom 111, 1111111111, 1111111,
145, 41; 11111111111111111, 1111. 11,
1111111111, 1111111111, 1 00, 01, su,
1111111111, 1 ae, 0001, 011111, Dr. 1111, 1
45)11111111,101111111,110;1)111111,01,,
145.-0. 1111111111111111 0111111111
11 01111111 Patronus, 1110.

donn. 01111111. Pom.

-ungdolomo, 11111111, 0. In. 1111111,
1111, 1505.

-11111, 01, 0. Igu. 11111, 1111.

-111111 01111 01, 11111111, 0. len. 1111111,
11111, 1 505.

-1111111110111 1111111111 11111111 1111,
1541, (01111 111111 11 1111111 0111 11
111111, 1501, 5001).

-1111111. (111111 11 (11111111111111111.
(11111111 0111 11 do 11111110. Igu.
111111, 1 11401400, 514, 515, 511, ww,

-1111111, 011111 11, 11111111, 111111111111
11111, 1501, 510, 011, 1401.

-1111111, 61111111, 11111111, 0. Igu. 111·
1111, 11111011111111111111 (111 ,1541

-01111 (111111), 11, 0. Igu. 111111, 1 041.

-11111101111111111111111, 11111 111111·
11, 0. In. 1111111, 1401410, 501, 501001,
mmmm

-11111(Ι. 1 columbo) 11, 11111111, 0. 111.
1111111, 1011501501.

-1111011111(1111111), 11111111 11, 1011.

-11 01)·1, 1111 111111, 011111111111 do
0111111111 111111, 1511.

-11010111, 11111101. 11111 11111111 11·
1111, 111111 layum 111111, 111111 11

INDEX GENERALIS

1111111111

Bona 11011111111111,1511, 1 ⁴11, 011,
mom dux, 0. 1111111 111111,1111111“11·
111 militm 1111 111111 (11 videtur 1111
0111111111 111 1111111 1111 1111111111,
culm 111111 ignotum 111111), 1011.

111111,0.11(11.,011111111,1 121; 01111·
1111, 1 m.

1111111111), opp.. 1 110. m, 1 10, 1 0),
11, 15, 1105.-1111111111, 10,-1111111·
pun, v. (11111111111, 1111111111111111-
11111111.) 011111 11 01111111, 1111, 0
001ς nsua 01111111, 1 01-0111111111
vol dominium, m, 0010.

-11, nupt, 0 m

1111111111 11 0111111111, m.

11111111(1ο11111),1ρμ.,1100.

11111, Ρ. 1111.,111111.,1 514, 010.

-011111111, 0. 1., Romo, 515.

-011111, 0015110. 1. tuga. 0100.

-0111ς.,0,1510,0111,0401,410.

11111, opp.. v. 1111.

11111111, Matthaeus. 11111 J 111. 1111111111,
1111111 Ep„ 0. P. 0111, 141, 011.

11111111, 1111. 0111111, 5111111, 0104.

1111, 0111111111. di, 01111111 0111111111
1111 011111 0110, 0011.

11115111, opp.. 1000.

1111110101111111, 0. 0., 11 01111111 0

-1.1111.,1111)11.,1 110, 410.

1111111 Helvetiorum (1111111, 111111),
oppam, 1110.

1111101111, 111111111111111111101111.
1111111111 011111111, 1010.

11111111, 1111111, 0., 0 110.

1111111, ’11111111 11, 1111111111, 0 00.

1111111, 1111111011111111 11111 uxor, 1

1111111111(1111111),111.,110, 015, 040,
1401, 415, 040.

1111111111111, opp.. v. 0111111.

1111111111 0111111111, 0., 0. 1².. 1 m.

-0, 1.,01111111,1400; 0111111, 400.

-Ρ., coloniensis, 0111111111, 1101 011-
111111, 1 0ος 11111111. 00.

-11, 0111111 Rex. 001.

-11111, 111111, 011. 1111111 140, 1011,
011, 010, mmmmm& 0 w. 051,
001110. 400, 404, 401, 401101, 1011500,
5111111551, 501501, 0 10, 001, 500, m,
510, 500, 001, 001, 001, 0 1011 ejus 11111,
141, 141, 100.

-111111111, phu-mom, 1111111, 0 a

. -1111111111, 10. 1111111111 11 11111, 1

-ἣ, 1111111111, 0. 1. 1111111111, 0 101

11011001

 

