9²5

1414111111 8111111111, 888, m 188,
lm 1111118, ew, 814, 8. 81111, 1811;
1111111111 8. 11111, 11881 8. Manlum
&mmmmffimssmma
188, 4 1111, 188, wo, 818, 8 188, 181111,
1811, m, 8114. m, 8. stimuum 1118-
111111111111, 1111, 188, m, 811, 811, 811,
88188, 1111411111, 11,-1111111111·
1111111111. 111111111, 1111111111-
chium 111111811, m. eum 111 011·
11111111111111111.

1111111111 81111, (1111111111 caupo).
1111111111111111111111111111 11111-
1111111111 11111111 (1111111111,111.,1
lm, 8 118, Ill-11⁴, 118, 111, 818. Mi.
8111811, 818. 818, 881, ww. 811, 118. 8
111111,818,818,811811,8ω,814.818, 818.
8518118111ΜΒ1Μ8ὢ881181,
411.411.1118111111.4111ῶ.111.
888, 811, 818, 8818111818

-111811, 1. 1111111 11 1111111, 11111 8111
1111811111, biduunm-coll. 8. J. 1
88,8118,888,811,1181,418,118118.881,
818. 81118, m, ml, 481, 8 118,
adelmum, 881, 881, 818, uu: 111-
1111, 81111, 1111111111, 88881 8111111111,
Pom-Domus 11181111.. 8 881-11111-
111111· convent„ 8 818, 8111 8. Fruu-
omi, amon-Tmpw mmm sn somn,
881ae 81111111, 8881.

munusculi, Methym: 81111 (8111·
111111), 111, 118, 8 ΜΛΝ-11 Dux,
1. 01111, 1111.

1111111111 11 811111 (1111111 11 81111),

1111111111 81111 11111111 81111, 81111
neutrorum (1111111 11 8111111), 8 810,
8811-11111111, cubum 11 11111111,
1111 11, 8 881-11811, 81111111 81·
111,1.1111.,8810.

uotum· 8111111, 8111111111, 111111
(1111111 8111111111 1111, 1. 811111 11
811111111.Δ111.-111,1111111 Guz-
11111181111,11111.,8881.-811111111,
1. 1111161 11811111, 1111111181111
1111111 1111,1. 211111, 81111111, 1

111111, 111, 1. 11111111.

1111111811181111111.

111111, (1111111111, 0111111111. 811111-

putamus&

111111111,1.1111. 11, 11 111111 111111,
8111 1111111111, 8 ’118, ’118, mvl.
mm. 'm

1111111, 811111, 111111.,881,81,111,181.

11111111, 1131111, 8 1., 1111111, 11 81·
111111 11111, 8 118.

, mur-:x 1111111111

, 1

81111111

11111111, 11111111.. 8.,1181, 8011811

-811111, (1111111111 1111111111111,111·
1118852.

-8.1.,11111111,8411,811.

-181111111»,.1111111111, 1111111, 11-
polmus, 8. 11 1111111111 198.

-81111111, 8. J.. 1111111 11111111 11
Soc.. 8 811.

-1111111111, 1818.

-Ρ. 1... v. 1111111.

-81111111,1111118. 111,,11111111·1111-
mutuum.

-8, 1., Novocomensis, 8111111111, 8111.

-8.1., 1111111841.

11111111111111111, 1. 81111111.

11111111111,11111 1111111111,1111.,8. 1.,
8818, 8 m.

1111111, Ρ. 1.,1. 111111.

11111111111,81111, 11 1111111. 8. 011111,
8111111, 4OE

1118, 1111.,0. Ρ.,811.111111,1Μ, 81,

111111 111 111111, 81111. 11, 118.

11111111 111 11111 1111111, 11111 uin-nou),
1111111111, (11111111, 8 881.

11111111118111118111, 8 181.

mune. 11111111 111111, 111111, 8 811.

11111111111111111111) 11 11111, Petu..
011111, 811. 111111, 8 818, 818, 1 1181
13111111, 8 811, 818, 118.

1111111, 1. 8111111111.

-111111 11, 8111

11111111, v. 81111.

11111111. Bp.. 81111111, Quintius 11,

11111111, 11111111,11111ο11111111111, 1 818,

11111, 1111111111 111111111111. 11 Arri·
11, vulgo ι8. 11111 11111111 (111 a·
1111111111),1181.

11111111, 11111111,11111111111(111111·
1111), opp.. 1 818-1111111111, 111.-
up.. 811111111, 81111. 11 11. 111111,
11111111111111111, 111.. 1 5253
111111, 11111111 11, 1 1111 8111, 11111111,
1811481.

8111111111, 8111.,111111. 1111111111, 8

muzus, opp.. 1418.

81111111 1111111111 1. (1111111111 81111111.

1111111(1111111),111.,1 oel, 881.-1111111·
111, 1881-811111111, v. (1111111111,
81111.

1111111111, 11111111101111111, opud 18-
8188111111.

111111111, 111. 8111111111. 11, 111111 11
8111111111 1111111111, 8 188118, 11

11111111

 

