8011101001

100, 1100000ιο 00001, 11091198), 980,
811, 819, 9291, 919, 540, 518. 555, 8 58,
118, 198, 909, 9181 collegio 0100801101,
mox 01101010000100110, 991, 4 58, 189,
181-189, 901, 911, 981, 981, 9805 181, 189,
188, 908, 905, 990, 981, 9911, 8 901, 919,
890, 898, 899; 80110101, 5981, 8 411.
(1001011010 15001001), 000.,1 154,118, 9
5, 111,105,198.188,158, 8 480181, 4
5, 040008, 50.888,058,819,813,815,

00, 001, 0111, 01,-0011. s, J.. 1148, 1

158118, 95,114,115,404,”58,118,8
481, 488, 4 501, 5 018018, 881, 8 19, 191,
’188 800101, 0. 800011101οι, 111001.

0001111110, 000, 0. (1011000110.

(1000101000, 0011011 4 808, 5 818.

1100110110. 800. 8000110110, 81001. 0111-
100 10 10010, 9 118, 8109, 800.

-81000, 111 (10000 00 11000000, 4581.

-8000010.,001101., 1115.

-8010001 (1110100000) 00, 1154.

(101110, 1110000000, 001101, 5 850.

(1001111, 000, 9811.

(10011100100 (8000111011), Ρ. 1000.. Dr.
111001. (1000100, 9 91, 88, 181, 1891 10 Lu·
011. 001111, 851, 858, 888, 111010, 011; 110
0100, 8 188, 880 100010010000001, 4 5,
10) 10001001001100100101, 8 91, 10, 588,
800, 898, 180,101-115,101,108.

(1000, 01010, 1010οι 11100, 1541.

81010010,01101100,111011010), 000, 4 918,
5918, 975, 5 815.-110100101100, 4 918.

(1100000, 81000 00, 1111001οι1. 01011100,

(110ομ001, 000, 1 151, 9 150, 1111, 5 558.-
Α11,1455.-(1011. 8. 1.,1155, 455, 9 150.
-00118101110 8111000111, 0. (10000. 10
9100, 1450, 1518884, ae5.

01010, 1111010100, 9895.

(1100010011. 8001. 00, 0. 1., 001101.,848.

(1100101110, 000, 0. 010000.

0100000, 000, 8 0, 119, 581.-·(1011. 8. 1 ,

010000, 0100101110 (111000, 01000), 000,
4908, 8 85.

0100000010, 800100100 00, 8. 1., 9588,
8 9405 858.

(1100000000001000, 1111.

-10001100, 9182.

-1101001100 eud.. 1 981, 800, 108, 101.
(1000. Legata.. 9 180188948954, 988.

¹ 18, 111.

010000 11010010101000, 10 (11000100.
11010. Prot.. 5508.

01010 (0011010), 1110, 4 lna-nex, 1900.

(1100101, 10011. 8001. 10001, 001101, 519,

INDEX GENERALIS

880

0110100110 (0110111010), P. 1101.. {n 100100
0010111188, 144, 115, 1811 510 mmm·
solvit, 165: (1001111101 80001101, 210, 985,
811, 818, 45510 01011010101101101,489·
411, 180, 9 989, 880.

(111001, 1111011110,(1010., 545, 851.

(1ῐί000111, (100001, 001101, 5 89, 01,11,19, 8

(11000, 8101.. 91ος 11100 00101, 9 11.

-1000 11001, 1011111110. 8010000110, 495,
98, 98555, 51,858-01,89,915.

-1110100, 8. 1.,9 10, 11. 18, 4 18, 95, 881,

-1401000 101,, 1011011111. 80.. 9 1818, 4
18, 95, 5 5. 800.

0100110 (80111000), 0011101100, 8. 1., m
0011101,98, 180.

(110111οο101οε. 000.,0.1100010010000.

(110001,1101110., 1000100 Regi· 901011. 00
800.11001.,5908, 4 918915, 981, 5 918,
918; 8001 0 00010110, 550.

(1100, 1³. 8000010. 1. 11., 001101, 8
149Ὶ

croy, (1010111000, ’10100000 80. 4 w,

¹ 9818198011814.

-1000110 00, 1101010001ηο 00 80101100, 1
995, 991418, 411, 9 8), 81, 291.

-8011011, 00, (1000100011. 80, 4981, 981,
mfflffifflfflffimmffl
810, 5 810, 011, 815, 8 181, 119, 451.

0100110010οπ0, 0. 8000100100οι

0100100101οω 0101010100. 000, 0. 8100
(00 8001101801.

crucias (cruz), 1000, 8.1.,1818.

(1100010011110001, P. Georg.. script.. 5

01001100, 8101101000, 1 148.

(1100, 8010. 00, 001101, 4 545.

-10001100,0. (1111010.

-10001, 0010, 01,, m), ’111,

-1100001000 00 10, 8 598.

000010, 10 10110 0000101100. 1000,
8. 1., 8 511591.

(10110, 100010, 4 80.

(10501100, 110010100011011100. 80, 8 w,
998, 4 15, 119, 148, 918.

0111100000,11010100010000 10000100, 1
458, 401.

000000, opp„ 0. (1000110.

-1, 8101011. 00, 4 m 10 80111100. 100011,
511, 5895515, 801, 840811100ιο 00011,
8480 1100010010, 04, 889, 189,8 'm

800010, Dr. 1001, mox Legionem 80.,8
w, 4 414, 411, 18].

00000, 91011. 0010, (11110100 81001, 4 15,
Immo& '

-8011110100, 0010, (1010.,188,989,ῶ1,

 

