911 11111 emmaus

mmmmamzmmm.

111111

1111111111, 1. 1.,11111111,1111.

111,110·1Φ,111,111,111,111,110,11,111· -Ρ, 1111, 11111 111111 «1111111111 no·

111,111,11110,111111,ω,111,110, 101,
111,111,111111111,1 111, 1 w, 111ς 11
1111111111111,1111,111,1111.

111111, 1111111111, 11111111 11 111111,
1111111111111111 1111811111.

111111111111. 11. 1. 11111111), P. 111·
11111, script„ 1 11,11.

111111,1111. 11, ,1111111111111111 11·
111, 11111111.» 111, 101.

11111111. 11., 1. 111111, 11111111.

11111111 111 1111111111, 1111. 11111111,
1.1.,111ο1111,8111,1111, 1 111 1111·
111, 111111, em, 111.

11111111, 1111111111, 1111111, 8. 1., 111-
1111111111 11111111,1011, w.

11111111 (1111111111, 1 111, 1111.

11111 111 11111, 1. 111, compluti, 1 111

11111111111111, opp.. 1 w.

11111111, 1111111111,1111.

1111111, 111. 111111111.,1111 1111111111·
ω) 11., 1111.

1111111. 111111, 1111.

1111111, 11111111, 11., 11 111111111111
11111111, 111. 1111111, 8 111.

1111 (11111 11111), Petr- 11, 111111111-

1111, humiliani 11 111111, 111.
-1111111111,11111111,11111111111 11111

011111111111111.111111,1111, 1 11,
101,111,11,11,111.11,1111 111111
11111111 111 11111 1111111 uno 1111
vogn 1111. 11111111111111111, 111,
-11 11 Vm 1111111111, 11111, 0. P..
11111111.1111111111,1111.
111111 (11111 111111),.111. 11, 11111111
111111, mx 11,111111.,1111,1111.
111111111, 111, 1. 111111111.
11111111,1111. 1111.,111111.,111.
111111, conen 11, 1111.
11111, 111.,181.
1111111111111,11111111111. 111111 1111·
1111111111,111111.,8111
111111, 1111. 11, 111111,1111, 111.
11111111111111111, 1. 1111111.
1111111 (11111), 1111111, 0. 1., 111111·
111. (cupam) 1111111111, 11111111
1111.111111111,1111.
1111111111(11111111),1.1111111, 11 11·
1111111, 111111 1111111111 1111111018),
1111111111, 11ος 11 1111111111 spiri·
111 111111, 1111111111, 1 111011, 1 m·
-111111111, 1. 1. 1111111111, 111111,

111111 81111, 111; 11111111, 111, 111, 110,

01011111 111111, 101, 111,1111111,1 ·

1118, 101,111,11·11,1,01,11, 1 11, 111
81111, 111, 1110-110.
-vel 1111111111 111 1111111111, 1111.
1.1.,110,1111.
-1, 1.,1111111111,1. 1111111.
-1111., 11., 11111111, 1011111.
-111111111 1111111111, 1011.
11111111111111111111,1.,160.
11111111(1ο1111),111., 1 11, 1 00, 111,
1111,111,111.11,11,11,1111, 111, 1 0,
11,11,11-11,101,101, 111, 110, ’11, 11, 11,
18, 1111, 111-101, 111, 111,110,110,111,111,
101101, 111, 110, 111, 111, 111, 111, 111,
-0111 1.1.,111,10,11,11,111,11,10, 11,
11, 11, 11,110,ω, 10, ’1, ’11, 010111, 01,
mol, 10³·1oe3 111111,1. 1111111111, 011·
venun 1111111111111, v. 11111111,
1111-1111111111 1111111 1111111111,
1. 1111111, 11. 111111. -Templum
11.Ι.1.,1110,111,11.110,10.10,110,
11.11,1101,1,81,11,101,111,01,01,01,
11, 101, 101, 101, 111. - zenodochium,
11111, 111111, 1. 1111111.
1111111,11111,1. 1111111.
1111111, 1111111111 11,11111,011111,
(0111)11,111.
1111111 11., 1111111111, 1111111, 1 m.
111111111 111111, Ρ. christoph„ 111111·
111 111111, 1 11, 1 11, 50, M, 111-181,
110, 811,111; 1111111111 1111111, 1
-1111111111, 1111111, Ρ. 11111111 (1111·
go), 11111 1111111, 1 1, 0, 11; 11111111
0. lantum 11111111, 11, 11111 11111111,
1111111, 1111111111, Parmam, 11,.18, 11,
01-11, 01, 11, 11, 11, 111, ως 111111,11,11,
Β, 101; 11111111, 111, 101, 111, 111, 1111
11111111, 11111111, 111-1111,11, 11111·
num, 1111111, 111ος Tridentum. 11 cone„
111,111,111·111,111. 111; Patavium, 111-
1111111, 111111, 1111111111, Petusium,
Butublum. 11111111 1111111111,111-
111, 111, 11111, 111, 111111, Florentium,
11111111111111111 11111111 Regulam,
110, 111 1111111, 111; Neapolim, 11 11 11·
1111111 11111111, 111101, 11, 11111,
1111,111,111,011,111·111,111-ω,011,11-
911111, 101, 110, 111,111,111,1ὣ100,
1 1; Rom, 10, 10, 11, 11, 11, 1111
1111111111 1111 81111111,1110,11,ῠ,
111, 11111110111111111111, 11, 111111,

111111

 

 

