81111

1111,11,11.111,111.111,111,111.11111,
11111111111111111111111111.
11111 111.1.1.,111,·111,111, 11111111

INDEX GENERALIS

946

8111111111 (111111)11111111 11, 1111111
negiu, 11 11111, Vaga, (1111111111, 8 831
8111111111, 1111111111 1, 111111111111. zpi-

888, 810, 811, 811-881, 813, 815, 8818511800, 1 111111, 1811. 1858.
8818118118, 38, 81. 13, 50, 388, affl· 81118111111, Ρ. Angelus, 111111 11 8111-

Μ, 881, 310818, 811·381,388888,108, Ro·
1111, v. 8111111, 1111111111. Vide 1111
81111111. 8011111111-111111, ⁴231.-
111, 1. 11181111 18111111111111, v. 8111111.

-11111111111181111111111111.,118111111,
8 m 8. 11111110. 011111111.,8850,
858, 851, 851, 888, 8. (111111, 88101 S. 811-
1111111, 0. 8., 8 111, 250, 881, 888, 854,
858, 158, 8888ς 11 (1111. 8. J. conversum,
818, affl, 8181 1111 1111111111, 8 8ῶ. 'rem-
plum 1111181111,8 810, 851, 851, 8 814,
388.-ῐ1111.,1848, 8 881, 888, 8518 388,
Ὡς superintendens. 1. 818111118111,
11111111.

811111111, 8111, 111111.,1888, 8151.

8111111111, 1111111111 11111110.

811111, 0111111, 111111.,8811.

8111, (111111. 11181, (8111111111. sp..
811. 111111, collegi· 8 J. 81111111 11 11
11181111111 111111111, 1188, 818. 111, 418,
481,888-81.83,888, 8818111188, 581, 588,
8881881881, 888811. 1 1118818388, 884,
811, 888, 8 888, 888, 885, 818, 383, 881343,
845318, 8 8118), 1118418413, 481418, 181·
488, 481, 188. 488501.

-8. 1111. 111111,111111,1 lm. 148, 118, 8
18,13,111,118-111,1111111,100,19,
18,11.100,381,888. 881, 8811181, 835, 348,
81318, 8 180,118,180.181.

81111. Philipp. Ant. 81, 1111.

vntum 1111111181111),111.,1 118, 118,
881, 8 111, 8184, 81018111-811111-
pmb.. v. (1111111118,8111111.-011111,
8 388-811111111 11 81111 Bp.. 1. 811111·
1111, 81111.

8111111111, 111.,1. 81111111.

8111111111, 81111111111, 1. 11111.

81111181 0111111111, Ant.. 81111111111 111-
1111111, 8103, 104.

81111111,1111111111,1. 81111111.

811111, opp„ v. Segobriga.

-vl (111111 81, 1.011111118111118111,
Ladon: 81111111811111111, 8111111111
dn 8808, 803. 1111811111, 01111111 81
11118111, 811811, 8801118111 uxor, vn
(1111111111 81, 011111118181111111, 1111-
11, 88113.-11111111181,1. 81111181 81-
111111,1.111,;111111111111181, 1. 811·

11181181 (1118111, (1111111111 11111 11- “
! valentiae, m.

111,1.111111111 11111111.

81111111118111111111 111111111111 Ro· Δ

Ρ1111, nm 1 8111111111, 8111118.
1111

11111 11111, 88151 8111181111 nugatum
20& obit. 8 275.

8111111. 8 888.

811111111111811111111,111.. 8 811, 858,
858, 858.

811111111111811111111181111111111118..1 ,
8111111111 11111 nonina.

-8111111111, v. 11118111, 1111. 81.
-111111111, v. 81111811811181), 81111.;
111811, ung. 1111 1118111111811111.

-111111111, v. 8111111111. 1111111111.

-81111111, 1. 8111111111,11111111111.;
111111, Dr. 11111.

-1111111111, v. Nobregt. 81111.

-811111111, 111111, Ant-3 01111111, Didu-
cus; (1118111, 11111.

-8111111, v. 81111,

-81111111111111111111, 1111111, 1. 01111-
111110111111), Bora.

-81111111118111811111.(11111111,8111.

-1111111111, v. 11111111.

-118111, 81111111, (inpar Branchum
1111111 8111111, 1111111111; 11118111, Ant.
de; 81111111, 81111. ,

4111111 (11111 Romam, ’1111111 111111-
lim), v. 111111, 1111111.

-11111111111111111, 1. 111111, 8111111111.

-8111111111,111111. 11111111 1118111111,
811111; 11111181. 111111.

-1118111111, v. 1111111111, Ant.

-81111111, 1. 8111111111, Hier.

81111 (811111), 111, 8810.

811111181111), opp.. 888.

811111, ruglo, 1. 81111111.

81111111, 81111111, 0. 8. 11,, 11181111.
111 1111181111. 81.,8181,188.

Ptolomaeus. 01118111, script„ 1814.

-1111111111, Romanus, 111.

81111111.. (1118. ss. 8111111 (111111-
torum, 158, 58, 1118. .

811111 (Puni), 1811111, 8111111111. Epi·
111111 11 ond.. 8 181.

8111118111111111, Comen 81 11811111
81 8111111111 01181111.

-811 11111111, 011111 81 11, 08181111 11
111181, 11111, 1518, 511; vll, (11181111
11 81181, 1111111.. 1841.

-81 1111111111, opp.. 8181.

8111111 (11111 811111, 8111111), P. 11181111,

811111 81 81111 111111, 1. 811111 1111-
11111.

 

