863

0666116, 1166166616, ’161166 (11666, 1666,
4468, 416.

-66 16816666, 666, 4 443, 601.

066666, 11666616 66, 6. flumin 61 116666,
1666. tuph.

0666616, opp.. v. 0661616.

0616661116, Dr„ 1116666166. 1666166166666166
1116116166, 6 481.

0666116, opp„ 6 644.

06166166, P. 41616, 6. cyprianus.

061616, 661 011616, 6. 06666166616.

061166 666, 166616, 1 165, 848, 2 8164614611,
146, 161, 6 486, w, 4 646, 66618186
861, soz-Princeps, v. 1166-161661666
(16 16616 811661),1166.-1166, 6. 16666.;
1666616666, 4811 1166 6661666 616166

666666666, me, 7⁶1; negiu 1636166 66
166166 16666666, 4161.

06161666, 1666166, 1 118.

061166 (06116 61 Brugnola), opp.¹ 66-116-
6661. 0. 8. Bon.. 68, 864, 866668.

0616666, 86161616 (8616666), opp. 1116666616,

0616ῗ659161166, 666161, 183⁶.
066616, 1166666, Tibure, 866. 6661666, 668.
cnm (066666), opp. 1161666666, 6. 16666,

066161166 661 066161166, (166666, 1161661166

-61866616, 1616. 66, 066666 66 01166, 116-
6166666166616, 1 681, 541.

-610666666, Magi„ 0666111666 66 01166,
V (1666166 116616 6666, 1 811, 446, 448,
641, 488, 666, 6568.

-61 161616, 1616, 1106666666 01166, 4ω8.

06616616, 166661668814.

0661666 061166 (016116 16661616), opp„ 16
16616 11666 Vetus, 1 86.

0661661616666, 066666, 811.

06666166 11661844.

06666166616, cephaludum, cephaludum
(0616161 6610116161), opp. 1116666616, 6814,
4816, 116, 16.-1161666666, 6. 166666,
16666.

066666, 166.,4 m

0666666, opp.¹ 1 116.

0666166 661 06661666, 1161666 166, 8118·
’0116 ,m

06666,1666. 6616, lv 1166 66 11661666611,
11666616 66 066611666666666661166616
66 866616 116616, 116666666166666,11166·
66166 (iub.¹ 4681ς81611166 1666666818,
fflQmm

066616616 (06666666), 0666116166, 6815.

06616,1116666.,11666611 «11 166666616166,
6186-«11666166 61166616 6611616616»,

Τ. 66.

INDEX GENERALIS

0166666661

066666166 66 66666666, 111616, 66616166,
4 444.

-66 8616666 (61166 066666166 66 066161
Dr. 066666111666166. 466616616666111-
666166,1666161166 8166611, 6666 066666·
66666166, 4 465, 466, 516, 6 466, 486, 481,
480, 481,486, 481, 6111, 1166666666.. 86166·
61166.,61’1666666666.1661166.,610666,
481 6681, 611, 04( 11666666 1666. 16666·
66666166111611616, w.

06666616 166616666666 (0666666), opp.. ·

0666666 66 1661166, 666.. 6 468.

0666161, 6166661166, 146666111 11, 16666,
166166,616,’14,”6, ’6.-16666 66666, 616.

-01611616, 16666 66666, 0666. 8611666161
mntem 16.

-866666166, 1666666666616.

-1466661166, 0666. 8666166 066616, Len·
166 1661. 16 0666. 1616.,101,116,111,
161, 118, 161181, 114, 116118, Μ, mm,
144, mma 168, 116, w, 428, 481, 441·
448,446·441,811,11, 18, 811, 111. w, 64,
1164148661, 64661816 8, 16, 1811,
86, w. 46, 16111, 166, 114, 171, 816111, 821,
80, 864881, 6111, tm. Vide 166661166 11,
1666; 11166 putor, a 18).

-111666666, 16666 66666, 6 16.

-116666166, 16666 1661666 16

(166661 (066666), 0616616666, 61166 0616·
6166, 8. 1., 8666616611 11661666 116616
16666611666181,181,111, m, 4 11, 18,
111, 116, 6 11,41,188, 1166 148, w, 111,
2353 1166666166418.

-161666111661666666666666116 66166, 4
11, 18.

066666, opp.. 6. 0666666.

0661116166616, 16666116. Bp„ 6 114.

-161611666166, 0666, 1166666. Bp„ 116·
666666 1666666, 86666166 1166636166,

0661666,666.,1616.

count, 11166666 66, 8. 1., 4814.

0616166166, opp„ 6. 0661611616.

06616, opp„ 6. 86616.

0166666, 61616, v. 0166666166.

chnut, N.. 6 684.

0161666666, 6. 0616666666.

066166661666, Ant. 8. 1., 6 w.

0166166616, opp. 16 6661616168).

01661666 66106616666(06116661), 8. 1., 6
618, 6160166616. 6666116668ὤ.

0166166666, opp. (mmmmm, 476.

066116, 166166 666.,1416.-1166,1416.

01661666666116666, opp„ 6. 0616166666.

0666666611 16 16616 0666666616, chu-

6661116, opp.. 4861.
0166666611
66

 

