975

11111111111010111111111. 1111111111·
11111 Proh, 4 414, 0010.

verterint, 0111. huius, Juutiuopoiiiuu.
(cupouintriu) Bp. 1111110, 0 w, 0100,
101, 140, 4 100.

111111,111.,011111111,(11111101111.11111,

verinus. 11111, 1111111, 1. (1111111.

1111111111, 1111. 011111, uum.. 4108.

11111101, 0.1.,01111111111,4401.

1111111, 1110111101, 011111, 0 001.

-11111 01η11,0110111.,011111.0401.

verodunum, 11111, v. virodunum.

1111111111, 110, iz), 101, 011418, 410,
411, 001108, ω, 100, 111001, 081, 0 81.-
Episcopus. 1. 1111111111,1.1011.-11·
1111111011,

1111111111, iu 111111 1111111111,1)111.,1 010.

11111111111111111111111 11111), 00.

1111111111, opp„ 0 040.

1111111111, opu, 1. verrucula.
011111(1111111), 11111111. 0. (111111, 0
101,-1111111, 1. 141111, 11111111 (Lupo).
01111111 111 1111101101111111), opp.. 4

1111111101.,011111111,1111111, 0 110.

Ventri, 0111111111, 1111111, 0004.

Vim, 11111, 100.

viminum. 0. 1., 1. 111111, 11111111.

1111111111 (11111111 111 wizai), (11113, 11·
1111 (m 14111111· 11111), script.. 0
iii, 00.

1111111, iim, 0111110111, 0 410.

1111101, 1111111111 (0111111), opust 00,

111111, opp„ 1. 111111.

1111111, 1411111, 1111111,1441,0001.

Viuo, 11111101, 1111111, 0 001.

11111111(1111111),111.. 1000, 004, 0 000,
001, 000, im, 4 401.--Δ11111011111111,0
mmm-coil. 0. 1., 0 000,-1111111111.
0. 1111, 0 011-11111111111 0. 011111,
01 (111111,0.1)11111111, 0. 01111, 0000.
-11111111110, 11111111 11 Summum, 0

-010111101, 0. 1., 0111111111111 411111,
⁸ w·

-01111 01, 0. 1².. fluimuutiueu. Uuiv.
Prot, 1 100. 0000, 0 00.

-1111, 01,1111111111)11111,011111, 0 0181
moritur, 011. 081, im

-P. 1111. 01, 0 011 011111111, iffi, 1041 01-
1111111008, 010, 010, 008ς 11111111 01111·
01111 1113111111 collegii 1111111, 010, 011,
010, 014, 0 040, 040, 040, 10000) 0111111,
0000·014,410;011311,11,0001,080,004.
0011011111,οαοἠ 11111111,400, 0040.

11111111 numius

111111

11111111,1111. 111111. 01, 0111110111.
[1111. 01,,1400.

-111011, domusionem (1111011111. 1111,

-111011, 01, 0111111111111 111111, 1 0. 1.
011111110οὦ.

1101111111111, 1111. 1111111, v. Widmuu·
1110111.

111111 (11111 01111, viem, 01111), Ρ. Di·
011111, iu 1111111011. 1111011, 0100,
110, 0101.

-Ρ, 111111, 011111111111 ludium 1111111,
11 Lusii. 110111 cogitur, 0001,000, 401,
400. 410, 4 000) iterum olyssipona 111111.
001; (ioum pervenit, 010, 0041 fluminum,
0501111111, ffii, 00ος cum eiusne 01111·
giu mittitur, 0101.

vienna 11111111, 1110111111(01111), 1100,
101, 110, 114. 100, 008, ’0. 180, 000008,
010, 010011, 081, 400, 401, 000001, iim, ,m
000, 0141110000, 001, 000. 0 1, 10, 10, 01,
000-041014040,000,000, 000000001001·
w, 000, 001, 004, 4 11,10,10,1·1,00,10,
000, w, 00040, 040, 044-040, 040, 001, 000,
004, 000, 001, 050, 000, 001, 004, 000, 010,
mmmmfflmmmmm
mmmmmmmmwm
000, 000000, 014, 000, 000011, Yam, w,
011, 0 10, 01-00, 00, 40, 00, 101, 100, 041-040,
040041040050, 000, 004010, 000-000, 010,
mfflfflmffl

-coiiegiu 41111011111, 011111111111, 4
m, 000, 040, 000) vocantur 011111, 404ος
(1111111111, 0010, 0410, 01111111111111.
411ς (1111. 0. J. 11 Domus Proh. 11 coniun-
cuiflfflioenffiimffiffluffliffiiffl·
0110010014, 010010, 081, 410, 410, 410, 000,
008, 010, 510, 001, 0 18, 10. 000, 040, 040, 044,
000, 000310, 0111, 10, 100, 110, 010,
049, 251, 050, 000000, 000, 001, 0000 8,.004,
000010000001001, 000,015,0“11,010,
Ὴ4,000,00,40,00,000,010,040, 044, 001·
000001,ωο,010,411,440; 1111111, 1. Lu·
uoyuu, 01111111, 11111111,1111.

-011111111,410,001,010,004.-11111.01111.
0. 1., 040 (v. 1111, cuii. 0. 1141111111·
pun, 0111 (01 1111111111), 1111, 4 010, 0
000, v. 11111111 (Grau), 0110111110111·
11111,011111111111.-111111111111 01111111-
mummi, 4 000004, 040, 00110. Domi·
11110001, 010, 01001ος vionius ο.1.,
0 001.-11111111 Aponi, 0 000, 011,

-1“11111111 0. 0. 01,,001ος 0. 1111111001ος
01111. napi.. 0 bin 0111111100111·
111111, 4 041, 004ος 0. 1111111 10 0111111,
4011, 0111111111 0111111111, 0 Ὦς 0.

111111

 

