855

11111111111111,111.,1. 111111.
1111111,1ρμ,1.111111.
11111111.,1.11111.

-(11111011111),1>. mm* 1111 11 11111-
111 11111, 111, 111, 1111111111, 111-111, 1
ww 111111111111111111111, 181, 1111
11011111111101111111,111; 11 opp.
81111111, 101, 51³3 (11111111 11 flim-
111, 111, mm, 11110), Loium, 811
1111111,111.-11111 111111, 1111111111
1111111, 11111, m.

-11, 1111. 11, «heim 11111·,11111111· f

111 1111111111, 1111111 111, 111, 11,
41141.Μῦ m. 111. ..⁰³⁴2 ml.
111.140.441.111. 11411. 444. 441. 449.
411454.4ω.411,411·111.411. 111. 1111
1411.111.114.111.1ὕ.1111. 141. ww,
’11111111111111111111111

-11111.11,0.1.11111,1111.

Ama, 111.. um

111111,11111111,1.1.,1 11, lemna, 1111

11111111, P. 1111111111, m.

11111, 111. 1111. 11, 111111111111111111
11111111, 111111 011111. 1111111111, 1

11111111,111.,1111.

msa, Andr. 11, 1111.

11111111, om! ⁵0⁵, 118, Μ, 111, 111, Η,
1111111 11,-0111. 8. 1.,1 111-’1111-
1111 11. v. 11 11111, 1 11.

11111, 11111111.

11111111. 11. 11111111 11, 111. 1111111·
11111111 11111111111111111,1111, 11,
1111, 1111, 11111, 111; 1111. mrum. 11·
1111 1111111111, 1 w, '2823 11111. 1111
1111111111, 111111, ’Β

-,’0111111,01111111>,11111.,0. 1., 111111
11 0111111. 11111111111111.

11111, 1111111 11111111, 1111.

-11111111,111111111111, 0111111111-
11111111, 1111.

-111111 1111111111 11 0611111, saaph,
0111111111 11111, 1111.

-111111 11 11111111111111111, 111111·
11111, xum-ld. 1111111111.

-11111111 111111111111111111,.111111,
1111.-11.1111111111111111111.1111.

-11 1111111 11 1111111111, 111111, 111111
ν11111111111,1111. ’

-11 Annon 11 11111111, 141111. xm·
1111, 011110111111111111, (11111 11
1111111111.

1111111, 14111111,111·1.

-11111111110111, 1111, 1 m.

-11 0111 1111111 1111111111, 11111, 111
0111111111111,1111.

INDEX GENERALIS

111111

111111111111011111111111111, 11111..
1 comen 1111111111 111.

-11 1111 de 01111 11111111, 111111 111111·
1111, 11111111 1111111111 11 1111111·
1111111011111,1111.

-11011111 01111, 1111. 111, u 011111
11111111,1111.

-1111111111111 upum, 11111. 1

-1111111111111101111, 11111. 111, vl·
111111111111,

111111111111 01111 011111 11 1111,
1111, vim-‚lm

-111111111111 111111. 1111,1111.

11111111, 111, 11,11,Ο,Μ101,110,111,
111, mmm. 1111111, 111111, 1
wo. 111, 111, 111, 111, 1 1η-11111111-
111111.1111.110111,1111.-1111111-
11111 «11111 111111», 1 111-11111111
B. V. 111111111 11111111, 1 1011 fl. 11-
111111110111. 1111111111 11 1111111,
1ἎΜ1111ΜΙΜΜ111111
tempu 1111111, 111).

1111111111, 11111111 11, «nr. 11111111,
11ω,01,111,’18,11ω,111,11θ1, 111,

-Ρ, 1111. 11, «1². 11111111· 1111111111
1111.,1111,111,111,1 lus-10², m, m.
ΜΜἿΙΜῊ. ⁸ w· 411. 411.
1111111,111,1Μ,1”11.

111111111111, 111, 1111.
11111111111 111, 111, {tm-soldu-

111, 0111111111, 1111.
1111111, 11111111111111111.

Β18111111(11111,111.,111,1110,111,

111111, P. m. 11, 111111, 1 101, 111, 11,

11111, 111111, 1111111, 111 1111111 111.

1111111111,111,1.111111111

111111 1111111 1111111111), 1111111111, 1.
sumunt.

111111111Μ. 111 1111111.

11111, 11 11111111 11, 0111111 1111111-
111, 11111111111111.

heum, Ρ. 1111111, 111111, 1 11140,
111111111111.

1111111(Α11111111),11111,111,1]1,1α,
&mmmmm 11. u. ⁴1⁰.
411.411114.11Μ.411.411.441. m,
11, ἢῧ,111,101,111,111,1ω,1
(m, 111, mamm 1111111111, v.
11111, 111-1111111111 11,, 1 111, 1
mmmmmmmmm
11.11.111.11.11,11111.41.11.
414. 411. 111. ⁸⁸³, 10. 4414151111

 

