⁸⁶7

8411.-0411411444111114444, 1108, 194.
-1141444 8.1., 4 41-0454144141, 1 014.
-1411414114144, fl 414-1441444 044441·
14141444 114 8. 1.,1.11144114, 14111114
Α1414411414,4815-891, 888, w. 404, 418.-
141411,1 011-114444141144 8. 04114411-
444, 4 801, 0414411141, 4 8111044141·
441.,1858.·1’414441444 8. 111414. «44 144

1141411441 ww& 8. 04411, 4 881.-
11141 0. 8., 1441141141, 11444444, 4801.

-14141144 0414441414, 1854, 48011
B. 11. V. 444111141,·1441,4 80, 801, 8111
4.14111011444-114144441444 444.-
11441144 1141444144 8141144 14414, 4
oel. 811-1444444141444, 14411 14 1444-
14140114181444014114. 4801. 811.

0444411441444, 441111.. 1881, 8 101.

0444444 (044444), 411. Episcopus, 8111111,
0111141414, 4 511 8144 0444.. 8111111,
110ίῦ4 Βίρῑι, 551.

-014414, 0. 8. 844, 1 151, lm, 11118,
5111111414.

044140114041401114, 0414141114 (84141441),
411, 4581.

04111, 411.,1. 0411444.

04111411,411.,1. 0414114.

041144, 411, v. 041144.

0414140144441, 411, 111, 110.

04144114, 14114180, 85, 91, 104, 801, 898,1
15, 119, 111, 140, 510, 454, 8 (1.58, 191111.
4 180180, 181, 191119, 8111111, 111,
810-11441444, 1444444, 1444414, 1440.-
044, maon, 1141414, 1140, 441.

0414141114 (0414144114), 411, 8 844, 845,
841, 4 518-1114444414, 8 815, 88114840,
814. 818, 898,401.-1111444144, v. 0144 44
buxo, 1444. 841441 (1. 4. 0414414441
1141444444 44 00144144, 0144441401.

0414144444 (14 144140441444444), 14444114,
8. 1.,4 1881 14411141, 8158, w· .

041441414411.,1188.

0414114 (0411114111, 411.,4194.-41414141.,
11414414, 8411114441, 140, 4111 111144,
1. 1141141444 410441111414, Ant.

041414 11411414, 41111. 1. 11144414.

041414 81414414 (041414111444), 411, 1
141, 188, 8114,188,4114.-0411. 8.1.,1
181, 1518, 550-044444 4111441441, 1 550.
-1444441, 04144111, 8 194.

041414144,411.,1. 81101114.

-14441, 44, 1141444141. 111441, 844. 144·

' 141.,4451,554, 5548818081.

0414411444, 11144444, 1414441, 4011

04144444, 411, 1. 0144144444.

04141144, 111414444,441111.,4188.

0401111114, 44 041444, 041114 (041111, 411,

⁴INDEX GENERALIS

044141411444

1141114144 11, Papa, 445.
-fflun 8. Igu. 1141414444, v. 844, 041·
44.

04114 (0141411411, 411,1 811, 4 518-οο-
14144444 0114141141, 1. 0444444 41 1144·
441444. 41114.

0411414 de 04114114, 1444. 0141141414,
441111, 4541.

04111444 (041114), 1444, 1144141, 8 m, 4
w. 18, 4415.

04111441 (04111), 411.,8 109.

04114, vincent.. 0. Ρ, 11141411, 4491.

04144, 1444144, 41).

manuum 844411 ’11144444 1111444144,

04444144, 4141441414 1141444, 4899.

-011144141, 4500, 518.

0414414411, nonasterium, 1 m.

0444414, Ρ, 0411111411, 1804.

0444111411,14444.,441111.,88), 81, 89, 1111,
101, 118, 4 850.

04410414 (0414144414, 0414104414), 1414, 1
1481011014005, 4 114, ’114.-1141, 1
m, 4118.

0444144414 (04401411, 411, 4 191, 4 0.-

“ con. 8. 4.,4415.-014444414,4944. 818.

-1111444144, 84111444, 11441, 4 190, v.
0141, 1145411.
04441144410444411441,411., 411, 14, 01,
85, 80. 0, 114.-0411. 8. 1., 888. 84.-
1111444144, 1. 0441014441441. 1444-
5114, 488, 14. 04141444-1144441. 8. 014-
144, e 80-141411414 04114441, 81.
0444414 (41144 04144114, 44 0414411441, Ρ.
144144, 14 144144141111, 1 94, 111, 1141
0444 8111, 184, 101, 141, 4⁹63 84141141
144144 4111404414, 11481 (14448111, m,
819, 401, 180, 141, 140, ³ 4891 1114411441.,4
048, 058. 059, 584, 4 848, 081 414414144
Provinciam 4144114444, 05, 818, em.
044444,1411.,(14114 014144 04141414 851.
0444414144, 411.,1150.
04414444, 114441.. 14414, 4089.
04141444 (0414141144), 411, 411444144,
144144404411), 1141444, 0. P„ 4414.
0441441144, 45844. 8150.
0414141111,1ο44.,114444144. 111. 41 0414,
4110115, 4114110, m, 01ae
-1441441144,8144.
-11144444, 11411144.111.,1Ὴ1.
04414141041414111411,441.,8444141,04-
444144. 04114111 114144141,4114.
0414144414, 81144401, 4810.
0441411141. 441, 844. 1414141, 4184
0441141414,414..48(0
044141411444, 11114, 1881889.

8441141411444

 

