1111111114

8188888888, Ρ. 1888. 88884, 888184, 1
m. 8 m, 848, 888448484144405.
411, 441, 444, 481, 811841, 8188 m, m
818, 841, 884111, 8 41, 44, 4114444811,
844, 848, 1111.

111848, 118. 118888,1188.

-81188118888,1181848,1888., 8884881888.
In. 818488, d. 1., 11841888, 8 188, 4 81,
104101, lm. 81114148.

-088848,11188888 884,, 4 881.

111888884888, v. 1188888488.

111888, 4. 1888., 18888188, nm, 488, 8 14,
4484148141. 1811 1488888, 1188888188
84141848184181.

1111888888, v. 1188888888.

1118188, 888.,4’48.

111818148,1888.,8. nummarius.

1118814, 11888188 188188181444.

818881888888188881.888.1111.84.

111888, 888, v. 1118888.

1188111, 1888. 884,,408

-11188884, 88, 1188418 14888118 11888888·
188, (1888 188888114888888188, 8 lm,

1181888, 88888, 18881. 88818, 8 848.

11888888, Ρ. 118848.,181.881488.,1 lm, 481,
8114841118 1188811. 1188888818818118. 88·
8488 488818818118, 1448, 480484. 4158,
181, 184, 884, 881880, Um. 1148 841, 414,
111110, 141, 114, 144, ’18, 8 8, 801, 484,
488, 481484, 484418, 418, 410, 448, 4 848,
mmmfflmmwmmffi
881, 88, 811, 818, 841844, 081884, 88488-
888, 8 ’.8118ος 8188 888188818, 8 40, 41881·
8488, 4 188, 144, 8111, 118.

-1411188 88, 18 18818, 8881848488 8888·
814, 8 188848 8881488 08888811, 4 w, 400,
141;8884188888888888814.8481,484;11-
188 Gom 88814 84 88 8888484884 141,

1188, 1848188888, 1 4441

11888888, 8. 1.,18118881118,8’84.

-111881881881411888488888, 18 18814, 4
481, 881, 818 881418 (longo, 88, 8841,
444488, 4811, 8 814.

11818, 0811. 8. 1., 8 481-888888 88, 118·
8188,118881., 8 481ς 0888141888, 888·

:egium ,18818, 8188 888188, 1481,

11818881 1181811188, v 8888811.

11884801181888888881881888184.. 4481,

88881188, (1188881, 1188811,1888.,1881881

88888. Episcopus 18 8884, 8811888818.
colonien„ 8414, 418, 481.

118888, 1848, 888184, 848, 41, 8811
1488884888

INDEX GENERALIS

9³2

8881848888814884888,118888848881,888.,
1414118, 114.-1118848,1 118.

11888888, 818188888 88, 888188 8818884
088188 (1888888488,1841, 8111 188188
Pron-ex, 8401, 4848, 441, 818, &o-Qffl,
8188.

-Δ84, 88, 4188888188888,1 8441 11818888
1888488488, 481, 8ἰ8, 8111.

1184881181888. 81881888 88, 11888811 148-
mam 81441488 888. 4888188488, 8 181,

11818 (181888, toalea 480.

11888 111888818 881 488188818111881, 1 Β,
8 841, 8118, 8144881, 8 880, 8841811,
814. -11188 8848118488, v. 088448, 1188818.
(11888881, 8801.

1188881888 (88 11848 Luco) 1818418, v.
884888.

11888881. 1888818 88,888184.,848, 4 181,
181,818,18,44,8,48,18.

11888848 (11888 881, opp.. 818.-148, v. 148·
8888, 1888. 11884.

[1848818848111188888 (1188881, opp.. ³ 1,
8481.

Noviodunum. 48888888 (11848881, 888.,8
818.-(188888, τ. 11811188.

Noviomagus (1111888888, niuem, 11188-
88888), 888, 4 ’.88, 8 m, 4 88, w.
4184148 mm. w, 8 4444444811.
S. 1., 8148, 811,-11848888, 4 58, 8 281,

1188888888, 888.“, v. 088888.

1188818, 88884188, 1848888881, 4 141.

Num, 18 48848 11888188, 1188888, 118488.

-11814188888, S. 1.,1818818, 1810, 8411, 414,
8885.

-11848181, 888. 88888 4188888888, 8 488.

-Ρ, 188888888,18118881118,4 181, ΜΝ,
88, 118, ’88, 8 488480, 48, 481, 410, 411,
4848848141, 88840, 8818. 8188111888·
8888 88414, 48111, 8818, 8 48.

-.P 1488888, 18 1881888 88814, 8 818, 811,
810, 884, 888 8888888418 8888488, 8181,

-111881888, 8. 1., 18 188118, 4 1118818,
810, 818811, 881.

-11888848, 11814, 8. 1., 18 18814.,1118.

-8888848, 141888, 1 110, 188; 18 centn 84
1148881,841·880,148.4181. 14441111, m
8 18, 418, 444448, 4881, 5083 18 Lusit.. 4
801, 810, 888811 4844188188 4818188848
8188488, 88884 expeditionem, 8 18, 4 8,
14, 18, 41, 48, 818881, 8 8, 1, 888, 418 581,
804, 808811, 818. 8 1111410, 181, 188, Ἧι
(1888, 110111, 118118, 118, 180, 81, 188-

-8888848, 1. 1181818188, 1818814, 1118,

 

