mmm

Lugdunum (Lyon), 111, 199, 191, 199119,
9999,9911911,119,1191-199-1111111.,
1.·1111111, rrum-Templum 11111111
1111111 «911111111111»,1199.

111111191111111111911. Rex, 1 m.

1111111,111.,99’1.

1111,111111111,999,999.

-11 9111111(91111111), 91111, 1911, 9
91191411111111, 91111111, 1111.
111111,991.-91111111,111.

-11911111 91. post 1111111111 1111.
1111111,111191111111111,911911, Du-
111 91 911111 1111111111, 1 S. 1. 111-
1911999999, 1 199, m, 195.

-111111191, unquenti· ,fram-,4 999, 999.

-119111 91, como· 911111, 1111919111·
11,9999,951,9 919, mm, 1195, 911,
991, 991, 999, 9199, 199, 199, 999, ew,
9199199119. 991, 991, 991, 111111 frates-‚8
999, 11111 uxor, 1. 111191111111.

111911, 11 textu 1119111.. 91,, 91111·
1111,91111..119.

11111 (1111), P. 1111111, script, m.

1111111 (1111111), regio, 1999

1111111111191311111191111111), cf. 11·
91111 111. 1-1. 111 191991, 99, 91, 999,
111111111
999, 919, 919, 919, 999, 991, 919, 911, 919,
919, ’191,919, ’99, 99, 999919, 9199999119,
9999999191991989191929995·
-9111.9.1.,1999.-Χ 9111111111, v.
1191119111 999.-11111911, 1. 19111111,
19111911, 1 99, 1111111111, 111111,
9911191111111 11111, 111111, 111111·
1111119111 91,-1111111111, v. 111111·
11111119.91111111.-911111111 v. 1111·
11111, 111111, Philippi 11 11111, 1111111,
111111111191111,111111, Philippi 11 1111,
9111191111.

-9111111119.1.,1 191, 99, 9191999, 999,
119, 919, 991, 99, mm 919, 9919, 999,
9111491119, 199, 1191199, 199191, 199,
9999491411 &mmm 99319599
5, 9,991,59,591,999,999, 9111119991,
mmmmmmmmwQ
911111111111, v. 11111111, 111, 911111-
1111111 1. 111111,1111111, 1119111111,
911111, 111111, 11111111, vitiator, 1. 111·
ulia-Regu: 1. 1111111111 11111111,
1111111111, 11111111, 1111. 11, 111, 19,
91111111, 9111191111, nem· 91111111·
1111,1. 911111, ham-noginto: 1. 91·
1111111911111111,11111111191111111·
111 1111111111111, 1111. 11 uon-Rex,
Roma, 91111111, 911. 11111, 1 119, 1
199.-11111111111111,9 191.

1191111 9111111111, 1. 9111111.

11111111

INDEX GENERALIS

918

1111Ἷέ1, 1111111, 119111 (119111), opp„

11111111 (111111) 1111111.,111111., 119
99, 19991191911999111, m, 999,
19999191999199181191, 99).

1191111, 111, 1111191111.

11911111 (1191111 91 19119111), (111111,
91111111,119111.9111.,1991. ·

11111. 111.,1. 1119111.

1111111111 (1111111111, 111111·
1111), opp.. 1999.

Lm. 1191111, 9. 1., colonium· 111111·
111 11111, 9 919, 919, w.

1111, 1. Lugdunum.

1111111111111119191191111111199

111111111111.,1. russonum 91111111

11111111,111111,1191,991,999,1111111111,
1111111119119,1111911111111111111,

1111191,111111111, 1111111 11119. 19 Per·
1111 naam, 1 ffl, 9 159,

-11111, do, 0. 9., 9111, 9199.

111111191,1,)1.,119, 99191, 9 91, 91, 9)-
91, 99,-1111111. 9. 111111.,1 19-91111·
1119.11111.,999.

11111111, 11111111, 11111111 1191111, 1

1111111111, opp , 1. 1111111111.

111111111. (91191111111.9),9119.,91111111,
911. 1911111111, 1199191.

’ 11111111, 11111111 11111111, 1911.

1111111,111111,1999.

1111111111, 11111. ,11111111 1111911111,
111111, 9 915.

1111111,111.,1. 1111111111.

111911111, 1111111, 0, Ρ.. scripum.

11191111, 111111, 9 991, 919.-9111111·
911, (11111111191011111, P. 11911111
putem 159.

-1111119111, 9111111, 9. 1., 11 11911, 9
999, 1 959, 919.

1119111- 011111, v. 91111111.

111911, 1911111111, script.. 1 919, 919, 919,
191,199,159,199.599,999,9191,199, 191,
199,191,199,9991,919, 911999.

1119111,1ρρ.,1. 1111111111.

-Ρ, Dr. 111, (11111111, 01191111, 9919,
519, 1999999, 999, 999, 9111111191, 9 999,
951, 999.

-Ρ, Dr. christoph. 11, 11 ’11111111 9111·
1111, 9 99, 99111111, 1 9, 99, 199, 9 ὓ,
9191. 199, 1111111111 P. 9111111 11111·
111111 1111111 9111111 19111191
1111191191,95,Β,19,19, 99, ojus pro·
111111, 59, 199,1111111111 1111111911,
ω, mun 111111, 1111. 9111111, 19,

 

