8515155

INDEX GENERALIS

870

4481, 418, 418, 5 400, 8 540, ⁶25, 050, 00, 05151, 1145115115. 0155 05, 11155415 051·

41515155, 84551.,15 coll. 415155, 4081.

-8, 1., 81551151, 084.

-18, 15 5155 05551151, 888, 84. ·

-1, 8555511455. 1155, 8118.

-11, 11155. 1455, 1 588, 588518, 541.

-111,11155.1451,4484.

-111, 8511550115 Dux, 0511.

-11,41515. 155, Romanor. 54 85155155
14554815, 8818.

-v, Germ. 155.,11155.1455,111,18,84,58,
58, ffl, 8, 88, 1410, 111, 188, 1811111158,
155110, 180, 188, 010, 015, 015, 008, 048,
041, 050, 080, 010, 88, 815, 810, wo. 881,
888, 111, 118, 511, 588, 0 40, 48, 45, 50, 01,
0880, 108, 1810111085, 040, 041, 050, 055,
058, 014, 080, 081, 800800, 400,Ι 401 408411,
ffiffiffiffiQfflfflmffim
’81, 8 44, 51, 05, 108, 111, 181, 1881000418,
mmmmmmmmm
Β1-Ν,818, 810818, 4 15, 181, 10, 144,
mmfflmmmmmm
’84210008 811. 000, 188, 000, W&
mmmmmwmmffi
100, 408, 405, 408, 410, 411, 410, 485, 551,
5555551554 5. 5. 5. 15. 55
mmmmmffiwmm
004, 001, 080, m, 814, 815, 818, 818, 851,
814, 814, im, 408, 481, 508, 504, 540, 544,
540, 548, 558, 000, 001, 8 0018810508,
010, 811818, 808, ml, 851, 858, 448, 418,
mfflffimfflmfflwffl
fflfflffiffiffimem
088, 045, 008.-8155 1155515551). 15 115-
55515, 1555415, 151,, 5 845-11155 85·
515451.,1.051155, 8155558155, 111555,
145545551155185115554 45 4115515115,
154.; 15115554 05 4115515115, 1415511
varen, 815555 11555555, 1555-11155
4155155555, 1. 8545, 1541.

-11, (1511145 Rex, 8081, 4 151, 8 loe.

0515505154, 1555, 15551514115114551155-
5554081.

carpi, 05555 115, 11551454111, 1155, 1

-155551155 Pius 05, 0 01, 55, 51, 8 30, 10,
18, 188, 158, 100, mh 11155 5151, 818.

-155551155 11155 55, 5515155415 55451, 1
480, 481.

-115115151155 1155450514. 4151555, 115,
15155415, Soc. protector, 1 108. 181, 118,
015, 081, 259, 404, 481, 480, 481, 01, 58, 111,
451, 450, 488, 800, 88, 108, 181, 004, 48, 18,
18, 45, 40, 000, 815, 810, 58, 88, 10, 48, 10,
85, 81, 102, 8811118, 80, 8188, 101, 101,
mQffiffl

515555, 001, 818.

0415155 (05151), 555, 5158.

(1511515545, 555, 4585.

05115555,85145ο1515. 85, 1. 14115545.

41511515, 8. 1., 4151551541, 41411.

-1555 do 15, 851545 *m

05114115, 8. J. (51155 5 1111155554 1555), 4

-11515, 551154, 8 880.

-8514115155.,8.1., 15 5155155555 4541155.
5155455, 4511, 8110.

-Ρ,111115555, 8. 1., 555 Provinciam 415·
5451155, tm, 400, 51481 05551541 sup..
8588.

-1555555, S. mm.

-4511151555155555, 5551 41551415 1111
05 011555, 8 008.

-11511551555, 1511511555, 11551555 115 51-
051555, 8 408.

-4511558515, 151415, 5555151515-

5515511455 Philip. 11, 11155. 14551515

- 15511, 8018.

-0514550555,15151.,415555 vl 115 0115-
55, 8084, 501011, ujus 5551, 1. 11115·
1551, 8455111545.

0511155515, Ant.. v. corronlero:

05141555 11515 (4151455555, 15 11155), 5
548,-1115555515, 8805, 5 m 581-851-
555555, 1. 1155405, 845511.; 81115555
4115141555 85115115), 1555

05115151, 8. 1., 4881, 818485, 481, m.

-11185555 45, 8. 1., 1155554151 85455551
consanguineus, 8 118, 148.

-81555, 11551555 do 15115145 51 1451515,

-1555, 05, 0155555555115. 54 0511, 5
-5441555555, 115115 555558551541.
*5411550555 15451155 05, 5181.
04115115, 1511.,5. 1.,115545 ,415555514 (15
45545451115155)115451,1 841, 8 Μ, 5
-1155151555, 8. 1., 5511451, 0150. ’
-1555,8.1., 100.
-1541, 4515514555558 854.
-8, 1.,5015155. 15 855. 85155585555111.
05551555. 05115, 1555455 55554. Vene-
4115115515 lv 5 55515415, 5 loe, 17⁰.
0555155550511551. 05115, w.
(155515 145155, 555, 1. 115555 85111555.
05555515, 1555115115 115, 1580, w.
05555515, 845515, 8. 1., 8 58, 51, 00.
cauo, 1111511, 4155. 51550. 1., w.
0545155, comos 05, 1. 15555 05 1505, Lu·
051. christoph.
(1551150155, 8155. 05, 8 180.

 

