011111111111,111111111111111111, 8 188.

01111111,111., 8188.

01111111, 111, 1. 0111111111.

01111111, 111111111111.,1. 0111111.

0111111111, 111.. 8 11.

0111111 (0111111111), 8111111111, 1111-
111101111111 1111811111» 1111111111, 4
m, 8181, 118.

01111111111, 81111, 11111111, 8881, 158.

011111111011111111, 111, 8 81, 188.

011111111(011111111),1111111.,8.1., 8811.

01111181,1.011111111.

011111811111111 (1.1), 1. 0111111111.

0111111811111), P. Quintium, 811. 111-
1111111,1.111111 Remum 11111, m,
hm. 5111111111. 111111111, 8 8. 111,
188, 818, 888) Belgium 11111111, 4 88, 81,
mmmmmmmmm
81881181ος ’11111111111 811, 811, 811,
811, 818, 1 801, 811818, 811, 818, 1181,188-
118) 1111111111 11 1111, 1118, 111, 118.

0111111111, 811111111181111111,1181.

0111111, 1111111111 11, 1. 01111111, 111 ,

0111111111, Hercules. 8.1.,8 188.

-111111, 1111111111, 811. 1111111, 8 188, 8

011111,111.,1111.

-Λ11, 11, 8. 1.,1111.

-111111, 11, 8. 1.,4821.

-Η11111, 11, 8. 1., 1185.

-111111111, 0. 8.,188.

01111111, 8111, 1. 011111.

0111111111 111, 1888.

0111111, 1111.,1.0111111.

0111111, 1111111111, 8. 1., 1 811.

011111, 111111.,1. 0111111.

01111111, 8111. 11, 8. 1., 4 888.

011111 (01111, 0111), 111, 8 101, 188, 188,
111. 151,181,8880.-0111.,8.1.,8188

-1111111118 8111111111, 8188, 1810.

0111111111, 111, 1. 01111111.

011111, 111, 1. 111111.

, 1111111111111.

0111111, 111110111111811111, 111, 1
0163111111, 11 81111, 111, 1180.
0111111111 111 01111111, 111,,1881,881.
01111161,111.,1158.-11 011111 11, Fer·
annm 11 011111111 81111111, Patr..

0111, 111, 1. 01111.

01111111, 01111111, 11 textu (11111, 1.
111111.

011111, 111 chora, 1111111 ciera, 1111118
888, 108, 118, 4 810,811,1880,118,181,
'tea-Templum 8.11. V. 11011111, 8118.

, INDEX GENERALIS

871

0111101111811111110111, 8111), 111, 11
mu 0¹0, ὓ 151, 0 ΥΠ.

0111111,11 11111 81111, 111, 1. 0111111.

01111111, 111, 8 888.

01111111111111111 Ι1111,1858,118,8
811,-011, 1. 8111111 1111111.

0111111111. Tchou·Hien·Tnong.

Oningi (11 textu 0111111), 1111111111 11·
1111111111 Petusium, 118.

01111111, 111, script„ 411, 18. ffl, 111.

0111111 (0111111). 1111111.,1111.

011111111, v. 01111111.

01111, 1. chion.

011111, 1. 011111.

0111111, Ρ. 1111111111, script„ 1851, w.

0111111,1111.1,0. 8. 811,,8188,881.

0111111,1.1111 (111 Luco), 111111 11111
11 811 111111, 1818,811; 8111 111111,1
8111 1111 1111,1111111111, 1811

0111111111, ung. 11111111(11111 1111-
1111), 8. 1., v. 1111111111.

christophorus, 1111111, 1881 1111111711.

011111111111, 111. Episcopus. 8111111,
1111, 1 811.

ο1111(11111),111ιι1 'saneti vlm-
111 11111111 81111, in 81111111, 1 Μ,

011111111111111, 1. 011111111111.

01111111 (11111011111),111.,4811,1 w.

0111111, 111.. 1. 01111111.

0111111, 1111. 8111111111, 111111, sn
111111, 18128881, 81, 88.

0111111111 (011161), 11111, 0.1) , script..

885,881,4111,11188,88, 181,188, 18],

0111111111, 8111111111 11111111 11111, 8

01111, 111, 1. 011111.

0111111 0111, 8111. 1111, 811111. Dux,
8 111, 818.

0111, 1111111111 11, 1111111111 Hm.
4 11.

-11111111, 0111, 11111111. 1111111,

011111,(11111011111, 011111), 1111. 8111,
0111 8.0111111111,8 181

0111111111, 1111111 11, s. J.. 0111..
111111.,1118,1811,811, 811, 181, 8881,
151,111,111,111.311.111,111,111, 118,
fflmffiQffimemt
181,118,188,181,511, 111-1181118118

01111, 111, 1 181.

011111, 1111. 1111.,1. 011111.

01111111(111111111),ο11., 1581.

0111111111, 0111111111, 0111111111, 01·
1111111 (0111111111), 111, 8181-811·
111111, 1. 81111111, 1111.

 

