44444444 44444 4441441444 a„

(4414444144, 1. 1414444, 1144444144 44 441. 11141. 141. 111, 4111, mm, 4
444 444444414441 mvn 44444, 4 1444441-44444414444.
a, 4114441114,18-41,11,111411.111; 044444414144441114 1111441010.
14444144 14444144, 441. 1111011444· 644414,1.14444.. 444141,1 114, 411, 411,
1441444 44411111,141,441,441,111-41), 111, 111, 111, m, 411.
4418Ιῆ Pom-lunam. 111, 141, 4 -441444444, 1444, 1. In. 4444444 a
418411. 114. 4141411114, 441.
641444,1114441.1044414),1.4414 1444144 -14114444,1444.,4444444 1. 144. 44444·
144441144,411. 1411411.
64444, 114444. 114, 44444144 14414, 144. -44114444, 1144114444, 4044144 441 144-
1414414 14414411444414,4141,111. 1444444 4444 4. ln. 44 444444, 1414,
64444444. 044444, 1144114444. 44, 444· 1111111.
41144 6411411141, 11. -41411444441141441444.,1.144.,4444-
umbem. 1.1444., 14114411 1444444114 441411111111.
44441441141144441444 44441411. -414144414,4.1.44414.
6444144, 144111441144114.1111. -1411414444444,1141.,141441444140444·
6444444, 1. 1444,, 1141441144 1144144, 1 4141. 1441, 4 411.
mmmmm. -140444,1444,144114441444144144414·
6444411444 14411.,0. 1. 1441444414, 1 144414444114444441441111141.
841114114.111.444,18,80,401111 -441414444,1.444,444141.,1414,411, m.
414,141,441,141,414. 81.
64441444,4111 -14141444,11 114414 14 Alb· 14 1444444
644441441444,64414444416444,6441, pumma 110.
614411),444.,4111, 4441411114-441· 6444144, 444 481.
444444, 11414444, 04114144, 4 m, 4 6441444444, 4444144144. 0441444444.
41644114441441. 1111444141 1111, 111, 48,
644114444,1141,141,18, 111, 11118, 18111, 4111.
111, 141- 141181 141, m 141111. 111111, 6444144 41 0441414, 114414 14441. 14, 1
140,441,111,414,411,144,441,14,14,41, 141.
140101101, 1111111111 114, 14118, 144, 6444444, 1444. 44, 1111.
111.Ώ,111-144,444,141,81,411,411.ῶ4. 64444 416444444, 1114414, 1144444441
mmm, 4144411111. 411, 4 11. 411, 441.
m n. 411, 1111411, m. 411, 411, 41, 64444414,11444.14, 1444141118,
111, 8140114111440111114148111, 6444444444, 04141444, 4. Iun. 41144144.
411, 4414811118, 4 4, 1101111. 411, 4 1444144141.
11, 41411414, 411, w, 141, 410, 111. 64444441644444414441111.
-0411.1.1.,1 111. 111, 111. 111, 141. 111, 6444414144444141414411444 4414444444,
111,411,114,11,11,141 111111, 141411, 4414414444144 1444414114, 1411411.
141411, 441, m 81. 411, w, 440. 441· 4 414.
411. 4114111111111111, 114, 111, 1111, 644444,0.1.,1414114,4114.
ω,481,ω.141,144,141,80,111, 81, -4.1.,144444,411,111.
111111, 411, 4111111 111, 111. 114, 184. -1, 41414441 cipriano 444144, 1114.
111, 111, 4 41, 414, 1411111441 1144144, 4. -1444444144 11411444, a 111.
nam, 14444 04414444, 141; 041414, 64444444 (uuor), 14111144 1144414144,
1444,-0411. 0444441. 1.11.1.,1 101.- 41411444, numm.
Μ111Μ1143011ῈΜ1· ‘¹0 ¹⁸¹ θ 6441444441644144441.111441114444-
01-1144444 111, 41444111444411, 11144114114414141414444444414411441
14441414444.;11,144414, 0444144 IV 1444141181114. 111, 114, 414, 1114
0441444, 044144, 41444444,11111, 1411, 1441-4111444441444. 414414144114414·
4. 0441411. 41 04441444, 11444-11444· 414 44414 414414, 14 1141444411. 14441·
4144144 044144414444, 1 141 1144444144· 44441441114141813111, 11, 11, m.
4444141411. 0144411114, 4111. 4111, 11411114181111111114411144
mm. 4111111. 104 114444414414441141141444411,4114
-14441441.11.1.141.444414,41441. 0411..4141441, 411, 411.1Ν·111,111,
014444,1114;1.144441,414.4411·1.141,114111,81,4141,1141, 14181111,
1414411441,041144111..,1 14411111 mmmmmzmwulm,
summam-unu„ 1111, 111111, 1411111111, m, 4111, m

1414444144

 

