w

111111111,1111,1.1.,111111,181.

-11111111 ΔΜ Ml· Alph. 11 11111

, mmm

1111111111111, 1411.

-111111111111, 1111111111 1111111 111111
11111111111111111111111,1111,141),

Hom 11 1111111, 11 textu flork. 1111111111,
111111.. m, 1114, 411.

1111111111, m. 111, 1111.

1111111111 1111111111), 111, 1111.

Romu. 111,,1111.

-1111111 11, 1111111111, 111. 11111111

Auum„ 11 1111111111, 111. 111111, 1

-11111111111111111111111,1’1.

-111111111,1.1.,1111111111111111111 1111-
111111 11111, 1111,

-de 1111111, 111111, 1111

Hortum 111111, snm.. v. 11111 111111.

1111111,111111111,111111., m

1111111, 1111111. 11, fl. 1., 111111111111, 1

111111111111. 11111 111111

Hm, 1111111111 (11, Philippu ‹1⁸-

. nunnus», ¹ 141 111. 1 ss

Eotrurh, reela, 1. 11111111.

Humum. 8111111111. 11, 11111111.
Δ111111.,11ω,1111,111.

Εσ111,11111.11111111 110. 1. 11,, 0111·
111(111111111) 111,, 11 1111111111.,4

1111111, 111111.. v. 1111111.

mma, 11111 (muna, 111), 11, ι
Ἀηηψωηῦηω. em

1111111111, 1111111111 (111111, 111111),
om 1111111111111111110111111), 1 w,
11111111(0111111),114.

mmmm 11,,1.111111, 1111.

111111111111111111111, 11111 11 111-
1111111. 1. 011111, 1111111401.

mmm, 1111.,1. 1., 11111111 Ro·
11111 1111111 (1111), 1 111.

-1, 1., 11111111, 1111111111111,1111.

-1,1.,11ῃ111(1111), 1441.

-1. 1., 1111111 Bonan nim (1111),

-1, 1, 11111111.. Rom 1111111111 mlo·
111 (1111), 1111.

-8.1.,1111111,11111111,1111111,1 m.

-1111111 111..1111,1111,141,1411,1

mmm. 111111111111, 1111111111,
111111111111
θ161.0111.11.’1.0,4111111111.ὥ1
11111,Ε,111,11,11),111.1Β,111,

INDEX GENERALIS

11111111

m, 111, 1111, 1 111, 411,-0111111111
optatum, 1 11, 1111111-11111111111
ο.1.11.,ι 11, 1 111, iaz-uon· 01111-
111, messmam sepulchrum 411.

1111111111. mma. (mum, 11111111),
mmmm.

1111111,11111., script„ 1141.

Hippolytus, 1., mapali, 1111.

1111111111. 111,, 1111111111.

mmm (1111111), 111,, 1 1111111111, 111,
1111,111.111,111,4ῦ,111,111, 1 111, m.
w, effi, 1141111, 111411, 1111411,
411,41141,111,111, 111, 111, 111, 111. 1
1. Μ, 411, 411, 111, 111, 41411, 411, 414-
111,Μ1,111,411,111,111,111,111,111,
MQQMQmmmm
141,111,111,1111,111, 111, 111, m
1111111111. ⁷⁰⁷·

-111111111111111, 1. 111111111111111,
11111111111111111.11111.1111.11111-
11111, 1. 111111-011111111. 1111111 de
01111111111111, 1111111111, 1111.,1
411.-0111111111.1.,1181, 111, 111, 1111,
411, 411, 1 1118111, σω, 1111111,

,111, 114,111,111,1414,411,111,111,111,
mn, 1111111111 1. 1111111, 111111-
vernn-tom 1111111111, 4111-1111111·
111, m, 1411-1111111 1. 11111, 0. 1.,
Prior, 01111, vinem„ 11111 1111111111.
Β. 1.,1 11,-1111111111 Β. Ι. V. d·
111111, 0. 1³.. 1111, 4ω11. 1111111, «8.
111111 dol 0⁸me 0. S. mer.. prope ffl-
1111111,1111.-111111111 0111111111, 1
411,11Β,111; 1111 Δ1111111111,1114;
templum 1. 1111.,1411.-111111111111,1
1111 01. 11111, 0111. 1111111411-

Α 1111,1.01111111111 111111110111111,

11111101, 111,-11111111, 0111111111,
111,,1411.

1111111111 (1111111), 1111111, 1 11, 11111,
Ἀθῑιθὴῆωι4114ἣ4θς4ῧῦῐιωιωιΰθ,
11, 11111111, 11, 111, 111, 111, 111, 111,
111, 141, 111, 111, 10,111,111,111,111,
111, 111111-111,11,111,111, 1111111111,
ΙΙΗΘΜΑᾛΏΛΒΜ. θ’ &A
1, 1, 11, 11,11, 1111, 11, 111, 111, 111, lm·
111, 111, mm. 111, 111, 111, u, 11,
ἋΜΜΜΜΜΜΜΜ
mmmmmfflmfflm
&mmmmmffls 1511541111
fflfflssfflfflfflw· ’11, ⁷12⁸
11, 11,’11, 14, ’1,111,111, 141, lma, 111
ΜΜΜΜΜΜΜΜΜ
mmmffimfflmmm
mmmmmmmmm
1, 4111111, 11, 14, 114, 1411111111, 111,
ιίῆἳἋῊιῗὸιΆῆωὴῗὮ

 

