611661, 664, 666. 111. 16,-(1666166666
666616616116, 6. 1111666666.16666.

66666. 666., v. 616116.

-116666 66. 0. Cum„ 1611.

-66666, 66, 0. 6. 11166.. 1611.

-161666, 66, 0666. 16611661, 11666161, 61
666. 6661666, 4666.

6666666. 11666616 66.1619.

6661616, 1666666, 1666661, 6461. 411.

666666666116. 666., 1 111.

6666. regnum, v. 1666.

6666616666 quidum, 1 91.

66616 66 16666 66 sunto· (61166 s. 66166·
666), 666.,1446,466.1 161, 661, 669, 611,
m, Μ, 419,111·119,114, 16, 6 161. 461-
466, 461, 416, 416, 416. 419, 46,149,666,
611, 661-614, 666, m. 66, 616, 611, 611,
611, 611616, effi, 661, (69.6166,161.

-6666.1.,6116,111.111. 6 611. ew.
661, 6 41.-1)6666 06666666.,1 119, 116.
-1161666666, 6. 1166666666 66661666.
Petu-vionius, 1 16,-11666166, 3

661166,11066666 66, 16666 66 6666 61 Guz-
6616. 116166, m.

6616666, 6. 666666.

661666, 6666666 (6666666), (1611. 666.. 6
4ω.-661666666,1166611666 66 16616666,
1666. 661116.

66166. 1666.. 9. 1., 0616616 Romam 6616-
6666416.

66166666. 116166. 666161.. 4 946, 616, 6611.

66161, 116666, 666161.. 416.

661616666666166611666.. 666161.. 6 161.

66116. 16666666, 1 616, 619, 666.

-1166616, (66666666) 66, 1, 618, 611.

-666166 66, 1616. 641.

-1666, 16, Dominus 66 66166, 1 619. 541.

-166666 66, 1616, 666691. 641.

-1166661661666 66, 16111616, 641.

-1616, 661661.

-616666166, 666666116, 11666166 66 116661·
66.1619,611.

1161661666 (6666616)1111666166, 166116.
16666. 116.. 4 166, 1166.

66116666, 666., 6. 16116666.

6616666 Regium (6666666616), 666..
164

66166,16 textu 166666 (166166), 666.,1

6611666116. S. 1.·1, 661666 661616 1116166146.

-6.1..1166.,666666,6611.

bamberg, 666161, 166666.. 1 111.

Β6666,166.,1656.

66661666 (6666161), 66666.. senen, Α).
ῗὲφ.. 666. 661666, 1 116, 161, 66, 1116,

INDEX GENERALIS

856

66661666 (1666661666, 666666666116 vl·
666166, 6 1111661116.

66666 coago, 61166 1. 66166666, 666.. 6
441,449,466.

6666666, coum 66. 11616661 6616666666,
1166..1641.

666666, 66161666 6616, 66616. 1616.. 4
561 6166 uxor, 111166, 166666, 4 m

6666116. 616661116166, 1166666166, 464.

66666, 161,,1666166666.(1666666., 1 441.

-1666.,1666666. 0. 6. Aug.. 166666. 116..
666. 6661666,4146,

66666666. 666 «16166 66666· 616 6666166
16666611.Ρ.1.666666.116666.6461.

6661166666. 1666. 66, 16666166. 116.. 6

6666666. 16 666. 0616111666. w. 1

-66 1661616. 1166666166 6661666, 464.

666666166, 666161,16661.066661,4116

66661661, 1666. 116616. 6 166.

--161166, 1161.

6666666, Aug„ 666161.,1 646, 1 114.

-16666166. 6. 666666 6· 1666666 666
6666.

-166116666, 16 66661116, 4616, 649.

6666166, 666616666(666661666), 666..116,
61.66,46,66,11,96,161.166,164, 116, 146,
mmmmmmmfflm
666. w, 46, 441, 1 6, 161.161,166,Ἇ4,
6111611616, meme. 611. 6 166, 1111
161, π·161,411.416,461.ω,46,46,11,
1169,946.611,666·166,ωὓ,61·615.611.616,
6648159616611. mmmm,
6669,616,616.615,616,66.611,691.-66·
66111666666. 6. (161666, 616666. ,

-0611 6. 1., «66 6616661 161, 41, 1 lm.
164.614π,166.411.616,646,666. 6 m·
Μ,4946,666·666,651.666. 616. 616, 666,
1616, 611, 616661, w, w. 6 61666,
616661)06116611166661661,16ἰ6,6661,6
611, 6111 666166, 6. 0666611, 1666416·
66116166, 1 616-1116666616. 4 ὤα-ὓο-
6166 6. 1, 6 41-1161666666. (1666666,
1666.,1 166, 161; 6.0666666,1666666;
66166066661666666666, 6666666. Gu-
1161..1664;1661,1666., 0. 6. 66.. 1 Q
664.

-6666666166, 6 16,-16616166 11611666·
116, 6 525. -1166661661666 6. 16666,
0.6.Δ.«6616661’6 sepulcro», 1 611.-
16166161 6116661111», 1 611, 1 Μ,
116,161,666,Μ,6616161, 11616666.,1
661 S. 1661165111) S. 11166.,6661.-1161·
vomitu, ³ 418, 6 661.

66666, 61661666 161. 661, 1 611.

66661. 0666111666 66, 6666166 66 1661616
66664116.

 

