3461464

3646666164664, 11666164 666. 4164146416
41 31666664, 2156, 2511.

-1646,116611666666.111146416 64 3646·
164, 2553.

-3616., (116666. 1666 31666116. 361646-
6114, 0464.. 11446611 366666, 252, 2 12,
13116, 111, 113, 131, 162, 16113, 126422,
111,114,112,13, 13131121, 126, 2 111,
116, 1133261, 311.

-41 3614111114, 36466.,11464616 66 31116-
64 (4444144414 annotationibus, 41. 66644
3446466, 11164664).

-64161666,36466. 66, cord„ Episcopus
366646, 4 44, 136.

34661146, 3. G. 11146, 466161, 2261, 4 21.

344146 (34111), 666., 232 3614666664.
464666, 3461661. 346441. 66.

34641666641346466616). 666.,4 16, 34.

3461114,1.461.66. 3.1.,34611646414, 2112,

346644, 666., 4. 3414416611.

3446666446, 16 14416 34616666 (46166
1166646466664, 4 641614 64664666664
461 16666664). 3. 1146141, 1644611 46-
61144164, 16 114114 44611, 1 133, 244, 215,
224, w. ⁴013¹n 3141114,2245,248, 2234,
42331123, 131, 3211, 21133), 434.

3464, 461, 3. 1., 16 16614, 2121.

-116, 11164664, compluti, 2452.

-116661464,3.1,, 3416463444, 4314.

-116, 1646, 446 61,, 3464.

-611643.,1 conimbrica, 4513

34614, 146, 441161. ,1106, 112, 126, 32, 234,
23242146312613121.

3461, 36464, 0. S. 36. 0664461, 42.

34144, 4166. 1141441.

-3, 36161. 66,16 36441114, 2 321, 113124,
2431, 4114616631, 16233111.

-114646, 1641 114114 166616 64. 116666-
6164 64 34144-164646, 1 33, 2 443, 415,

34144164 66 1664446, 666., 2 342-11664-
4166. 3. Benedicti, 236.

-66 1141464664. 1164461644 64 164, 114446,
3416, 4533 3164 uxor, 111164, 1646664

34146164, 1146. ’1616161644 4666161644 vl·
4114166, 234, 631.

34143166, 14161114 1144661, 2 113.

3414641164, 6661612323, 2313, 5312, 2

3414164,114614164466666. 1541.

341416 641. 666416614, 4. 3466.

3414634, 666., 4523, 524-(16611144464,
31664664, 36416141141, 121.

34146664, 3. 3666161664, 3 253 4666114166

INDEX GENERALIS

9³⁶

614664, 3166614664, 3166116144, 163121,
131, 142, 142, 64111166 4 364. ,161, 133
34146664,1646.4.46161,211,22.

3610164166· 4661466 (16 14416 3414116), 666.
34166114, (34166414), 666., 2131, 43.-
1116466414,431,214.Μ.-1161466664,

046444663444, 16664, nm, 243, 33
4 34444, 3416.

34146111, (1466141, cord 2132.

3414666, 666., 4. 34666666.

34114616, 3146, 361616166. 1161113.

3411464, 346661661444 66, 36166 61 114664·
64, 164664, m. 481

34114416161,,36.6141666 1146644231
-44134114414164, 36116414, 0664146114,
44464 6644411464 36114414 61614, 11611-
646. 0611. 1461614, 2123413, 454, 4612
6, 13, 151, 4 21, 32, 161.

-441 34114416164, 144664, 2 454, 23.

-14166616114,23, 3.

-3611, 36466, 4146144 Rp.. 23.

-3, 3166114 (3161414), 446161, 1 13, 2 21,
-3166414, 66111166 36461. 16 36664614, 2
2432514233 3164646622134ἣ.
34116611461, 4144466, 3144411416 66614

36611661424143.

34111466 61 1466466146, 11661444 64, 4.
464666,164664; Dux, 4. 2464414, 1646 ·
(1616666, 46646164.

3416164(3416616’1,1146. 3664616164, 36-
6644 364. 4346616166 34444644 666111
162, 262, 32223, 1323331, 213211,
223, 2322123232, 5231611162216,
11666466 661464, 3466661414111,2 13,
134, 235, 2123 1161644, 661344466611666-
64166, 26, 24, 3, 134, 4 13, 122, 2 13, 12,
46, 51-52, 3 1, 11, 21.

-3, 36466, 36666144, 1 13, 114, 1¹53 844.
46644641, 211, 213, 216, 464, 413, 25231,
61, 33, 161, 136. 1311331246 36116616·
166 4414666166 1641111111, 13, 126, 2112,
2315621666 611166166531533, 224,
133, 131; 4614 344 66611111, 132-13 13,Ι

t 151,153,13,161,165,43,13-111,162,
211, 2126, 12312413, 21111313,

34166141, 666., 4 33.

3416441 4111661161, 4666164, 341611164
11666, 1666614 6666664166, 222.

-1141164446, 6164 61164, 14466616, 212.

34661464, 666., v. 46646146.

3466464116 (41144 346644441164136464.
6161166, 2 114, 4312.

34666116, 3116611464, 366641666114 13416-

1646. 3461. 3166646414, 123,1216316661· 3 61664),666.,2 11·13,13,111, 233221,

34411466

 

