ι 4411414441

1414141414), 40040 4044104, 44
1440014144. 0011 104144440400 41101104,
4411,811,ὓ1,ΰ1,414,411.

1411010010 (140014 44110), 000., 14444110,
0444114, 401.. 4 111, m.

14441440. 44140. imm, 4111.

-044014 4414, 1014404440400411, ii 144

-1.1040,1440401,441

-1140, 1040, Β. 1004111 44014444444414114,
41044.

-1410 44104. 1., 4410401444, iiiii.

1444 44 1440414, 44401104. 11. V. 144144
100404.4410401104,444,111.

14441044 (10 14410 1400410444), 1³. 1441·
011104, fl 111, 1111, 111.

14441044, 000, 4 411. ·

144444044 44 4444404014, 0001144 44, 4

14414014,000.,4111.

1444, 144444, 440 (141414000.,41·11.

1444144,00110,444101., iiiii.

1444144, 1040. 4401, scriptam

1444114, 10444104 s. 100. 14414114, 00·
4144 040001004 101411, 1 45.

-1040, 4414.

44441010, 1144404 Aegii.. 1140440. 1101440· 3
Papiae: ῗὲὲ441404404, Β. 1., ii 111, 411, 4
Rani.. (1404144 010441οι0 4411.

1444144, 1044410144444,101.,14444. 04·
viu, 4111, iii, 111.

-11404414104, 14140114 1100440 04011 44
404, ii 144 1400400 1100440 4044104,
uhi 44100 pubiicum 144441 44 Rhetoricis
41114010141104004. 44441004 4, 119,

-1, 1140444. (1104414), 44 4401114 Domi·
044111400044411444444444. 44114 411.

-10 14410 14444011144404, 1404404 10-
4144 114οη144441οι4, 41141414 iai.

-11440041010411.,4404. 4444411, 4115. ’

-11114040004, 0400411, 14410 moritur,
4441141.

-11100401, 10 11010014, 404. 0404144104, 4
mm

14441444, 400., v. 14441444.

14444, viiie 41140 11444.

14444, 1401014114. (44441044 in 140144.
114. ii. 440044441011044 comininum f
1004441Ρ4444).

-Ρ.Αο44.,1’41401144, 4411.

-ii 1144140100.. 14441404 4. 1., w. ¹

-Ρ, iit-ne.. 11 10 10414401 111411414044
40044104,411,444ῶ4,1’4, Ι 151, iii, 'm
000101 1140104, ww. 4414, m, 4 i
ww, 01014441, 111414. Ι

1141141044

INDEX GENERALIS

940·

14444, 1100414414οι, (0004410) Principis
Philippi 11140. 44444144104,1441,4 4444
(ἔζϋῆΰιωῆθῐῌὲἣω,

-111010, S. 1., 00001011, 4 111.

-1440, iit. 1114400040οι, 0. B. 1441144·
4444, 10 0011. 11404144 10401. 1404001

-1140Ι 11041440, fl. 1., 44 11140. 110040
venit, 8 114, 1444 114 4410001044.
0011. 1041404404. 4444041041 ri, m,
mo m) ffl-

-J 040, 400411444100014,411441041004-
114 41144, 0441104, S. 1004111 14114404 44
0414411111411.

-1104441404,110144104, 10 commin, 4

-1.414014.,00001011,4411. ,

-44411004, 1040, 1404111144, 1541.

-4414404, 1040, 1144110114014, 1 411.

-44141404,1040. 4000141104 4414 114100·

-441100444, 1444110144100014 41144 04-
411041411,111. (114444 0404 iamque 44
40444444, 41401. 44, iiiiii).

-44 14 1104014, 444410, 11140411 1444444
1041401144 «de 104 0444040 4114.

-44 004040, 4104404, 1 00044 44 04044,

-44 004040 41110400, 4104.,111004 44
1444104 414οο104411.

-44144414, 44001101 541.

-44 1111, 1144110,,141’1.

-141000141400 1040044, 1141144041 14444
44 100014 04144, S. 100. 444004, 144

-441000101040, 1141144401 14444 44 10·
0014, s. 100. abui 44 04144, 411001
-441000101040, 1001 otrei- 44 14404·
00 41104, 4. ign. 4404 44 04144, 1541,
-44100014,1040., 14441101, 4. ign. 144-
1414, 44041414.

-44 100014 1040, 144144 440104 Β. ian..

⁴ 4144004 obii 10 44110, 1 411511, 441.

-44 100014, 144414, S. ign.. 44 04144 41441
04001441.

-14444444104 11044041), 1040144014,
4041004 Boe.. 4111.

-44 0040004441, 0414001411. ·

-de 14141014, 114. 11144004, 11444444 ioe.

-44 vivero, 1040, 00044 44 1104044144·

-4414444,44400.,140411144,14“4.

-44114444, 1040, 1 biii. 17144 francisco.
41440144οι444 404 4444 unum 4444144004, ci

 

