957

84414441. 114414 44,1111441 8644414441-
444,1 1144111414 1444184, uxor, 4411.

-144144114414, 0. 8. 1144, 1444114444.
qu ”flptoq ι m·

-41 114144, 8444. 14, 11444114 14 114414, 8
118148. (mm 1444141).

-41114144, 84144. 14, 1184444 14 14444,
1111144441414114414,444444114 44144, 4
11, 818, 4 181, 8818118.

-41111144, 84444. 14 (4441 0144144444,
114444. 14114144 41 84414441),11184444
141444481444414411484414444441
148811, 811, 8888114181.

8441114, 4. 844414 11114.

844414, (11441144 1414, 11411144 444444
14414144,4118,118.

8444144144, vitores, 444141, 4 Um.

84411444141144444414,444., 88814481,
88. 1814811181. 58108818188100.
111-1144. 14, 4. (144444 41 114444,
1444.11144.-(1411.8.1,4184, 8 114 114-
44141144, m, 111.

-114444144144 (1444441444.,4 1814 114444-
11144.841444444.,4481; 11. 814441444144..
44814111114441444144, 4 181 1114414444.
«14 1144144 444114 4181 vinculentur.
8.Ι.1411444414,4181;114414440.1·.,
14 14144 1141, 4 481 Fratrum 0. 8.,4
1118118, 8 8884 84441144. 8. Aur.. 4
1814 11441444 0. 8. P. 14014444, 4 1814
11. 814441444144.,418141141444. 8. Pr.
1414414,4481;8.1444. 14 1144, 4 181
8. 1411441 (14 8. 141144), 0. 8. 11144.,8

-84448444144 14444 1144414, 4 488.

-11444144, 04444414,841444444,81111,188.

8444. 114444, «14441444 (1441144, 8 818.

-111441444, 444141, 8 lm.

-14441444, 8. 1., 1184444, 4111.

8444444844, Δ41.,0441., 8111.

-1144114, (14444414), 8414441144. Prin·
44441111.

-11114444, 4414444114 144144, 8114.

-81444444144441414 11441444 4444414,

-114414,11441114441411414,181, 8181.

84414 cm, 84,, 11441444 1444444, 844411
1441414, 114114448148.

8414144444, carolus 14, 84444444444144, 8

—P. 1444844 (441 11114444), 44444 444444-
144414» 114144, 8 811, 1814 (1441484444, P
89, 811, 81881 8144414444, 4111414
8441144, 841144. (144441. 1441441144-
414,4411,418,181,111,111,8181,181, 14
8444114414, 4 181, 8 111,118, 814 14 cn·
44414, 4141111814 444, 44 444444..

INDEX GENERALIS

844144

8818118, 111, w, 144444 14414 4444444, 444
Pom, morsm 444444 444. 1188814
4. 11) ; 11144 144144, 4. 81441144 0444414414.
-14414 1444444. 844414 441 04441411444,
8.1.,844414,4818,8818,488,188;84·
4144 P. 814414, caesaraugustae, ,11844
444141, 1144414444, 141441144, (44 4444 1
444181411444444414118. 8118818,
8 11114 44444414· 1144141144, 8 811, 181.
-P. 1144414.114444;141.44114414; 84414-
141444 1144444,181,18,111, 1411181111,
181,188,188,110 8184 114444111888,

4441144,818,811, 1181888
-,1>41.4 8 1.,84414841444,88811;1114441·

4444, 8188· ,1114444 4118 ,118, 1181111.
-P.‚ 14 114414444411 (1144444118188.
844148444, (1444414, 8184, 811.
84414 Hm· 14 04444444, 1 118.
-114414141144114444, 114444144. 0. 8., 8
8441444144, 444., 4181.

¹-P. Ludov„ 41184 (1441144 41 segobri-

444, 4 818, 810, 811, 8811 8444444444-

εξο, m, 188, 818, 118, 8 182881, 181-
844114441, 84144. 14,(1411. 8444444444-

44441144144,4818.
84414444,444.,8811,8181,4818.

84411 44 1144444114414 1144414144141
84414 44 1144411444844, 1441444 44 oa·
44 omo. 844. 144144, 8 fl] sam-01, 81,
18111181.

-81444,14448144144,881.

8441144414 8444441414, 444, 4. 84444·

8454111Γ44,1.1.4144.14, 144411144 844, 1

affl-Hm, opp'! ⁹1¹0·

· 8441141, 1141444844. 44441111 111, 8 11,

1441144, 41414 444111 841441444, ml

numanus, P. 144444414,444144.,1411,
m, 4 8111, 111, 448111, 411, 148, 411, 118,
411,481,481-188,488, 111, 118, 1888 Μ,
181, 181, w, 481, 181, 118118, 111, 111,
112, 118, 111, 88888181.

84414, 8. 1.,114444414,818.

-11441444 14 14 (1414414, 444, 1181, 4
818818, 818.

-1144144414 81144, 444, 8881.

-14 11444,1411441,1411444, 4. 84411 14
114441444144.

-1444444, 444, 4. 8444144 11444444.

844144, 1444. 14, 444141.,8 111.

-11441114144., 8. 1.,1114 141144, 8111.

-1144, 144, 144444. 84,, 14 4444, 4 110,

844144

 

