8⁵1 888444448488

44448144, 48488148 844844 0884414·

1114108484418141841481148 88848111

04814444 84 0488844 884184, 4 88, 181,

484484, 1148188188. 8414441 84, 848144.
841488484,81811181488141188,1811114,
818, ω), m, 818.

-018484488, 81144 0881 111 84 8448818,
4 488, 481.

-81144881188,18 118814 841 14148188 48
88484 mammam.

-888814, 84, 0484484844144. 48881841-
488444, 1181, 818, 8 118, 814, 818814, 4
”summanum mn m· ω·
418, 4881,81-881,811,844,α1, Μ.

-848818.88,0414148144044,1148, 441.

-88484, 84, 04484184. 1141488444, 88144

-884488 88, 111 1488418814 84 418411884
4488, 4. 1888414 41 044184184844.

-184884 88, 4484411 88 0818484, 118814
88 84111488 4184411888, 8488, 1 118,
881, w, mum, 4818111818.

-884484 84, 088111844 84 1811448844 84·
1848418. “

-8, 1844484, Β 8448184888 488184, 1 118,
181, 484.

-184444488, 1841.

-14814 88,114881184148414114444 4488,
0881 88 04881 4841148188.

-14814 84, 1481184144 84 8448484 81 84
88418,1118,8111.

-81 44188,14814 4 18818 0488818118-
81444 84 811148888844,1841.

-81048844, 4488 84, 81 048184 84 18·
8188 8188414, 08411144 8414141118, 8.
88448181888881448181181, 8 818, 4
mmm, mmmmm.
81188811.

-81088844, 1848. 4144, 08844 de 11114·
48844888. 148188,8 8181188181.
-41048844, 14811444, 084444 88 8184488-
44808484811144488888148Λ488,
”hfflfflffl-sslu· 4488, 4118841

81 88448814884184.

-818181114, 4141488111 044 88 8448884,
4481, 481.

-44844114414, 8418. 84, 0488. 41 4881144.
8448881144. m, m.

mmmmmmmffiflmm
8484848881481888888
³¹.ffl.oe⁸.·⁸1⁴.mffl.⁴ffl.mu1.
8188188οω,88,881,81.-148411188,
8 84,-18884 0844488188, 4. 08444184
84 811144184144,1848,18. 184418884-
144444 0888418111 (0848441814), 4.
884484,4141.-888884,4. 18881488 88

48444

1848844,1818.,14811884841.484, 8414.,1
181.-884844,0484818,8Μ.-114488114
81144, 8 814-848844 14844, 814441·
8148, 1448441848. 88, snm-vlu·
44484114.,1 1811, 4444114, 441.. 8 m.

-8888188148, 1., 8418, 88, (m, ’811, 888,
⁸ ¹8¹. mmmmwmm.
⁴ Νι ΜΜΝΜἎΜ, m·
1188881188, 418, mm, 8881,
10. w, 8801881, 088118 mecol-
18414 Β. 8., 8, 118,-8848484141 vm. 081·
141884114, v. 114844,1848.

4841844, 41144 84841844, 11884184414841-
81), 8. 8884. 88488.. 8 111, mumma .
18, 118, 18), 18, m, lu, 4 118-181, 184
118, 181, 8 π. 188, m

48444, 8. 41848888. 8188184, m.

-1844, 88, 1 w, 811.

-1444144 841418, 811, 811.

48448181, 088814. 88, m.

484884, 110418. 88, 488144.. m).

48444444, 0884811148 11. 1. 8. 14 041444·

48484, 481, 8. J.. 44814444 4488 1810
884411 88818144 14 11144414 88448481, 1
ω, 884848 44888884, 8411481841, 848-
41, 14 44841881 0414448844 88481844·
148, 8, 88848 81 11444811, 81, 488184·
418488 8884814811,1148814844ι 488·
411, 118, 188848 88811, 104, 188, 14 81-
44881 1141148 4881844 88881884188, 81
1188148448 88811, 118, 188, 111, 84144-
1181141411, 148, 0448148,181.84114·
4148,141, 148, 8 8841144 848141148, 148,
88481844148 0144414848 8114 0444411484
48884181148, 144,]181, 848 P. 841488,
188, 8418441184 88481844148, 8411148·
1811 4 48148144 88111448 848141188, 18),
0884414148 48848811, 181, m, 111, 1848·
8188448, 84184118, 118, ln. 184, 181-
loedmoe, 818, 0884114148, 14181148,
841, 88, 184484 (14 4844841, mm.
881, 88, 888, mm 1148148448, 18,
888, w, 811. 818818, 818, 8884148111
04414118, 81), 0448144 44844148, 881,
488, 418, 81481, 1148814844, 48, 048·
8144, ω, 448, 84148118, 441, 448444,
441, 1814444148 8884148111, 8 8, 18, 11,
Β. 81, 108, 118, 4 0441414814 0448148 41
8488148448 488411, 114, m, 118, loe.
118888, 18, 08841441 48844148, 181, ln,
18), 181, 188, 884448,184, 84, 011, 14
081444884, Μ, 811, 04848848, 818,
1111, 811, w, 8811181811, 888, 881, ω, 14
0441411814, 818), Μ, 08841411, 18114·
8448 04841, 8418441848, 840, 018, 8181·
44 1814444144 884141484411444888·

48444

 

