11188888, 181 11181888, Potum. 1., 881888·
88888816. ·

-1111888, 8510.

-“-(18 01888188, 111-888., 6811. 1881881888·
8881818188.. 11818. complutum 18818-
181, 8111, 185, 111, 186.

-88 11118888, ο81181888.,888888118118-
181,8101,105,8581.

-11811118888,81888. 88, 88881 18 88188,
Soc„ collegium 1881118818 8881181881·
3188108, 818, 681, 688, 81111106, 5189-
111, 8581,581.588,611.

1 8888181118, 1888 88118118888, 5181.

-81118 18188188 (0811888888), 8. 1., 881-
38, 881181181119, 888888881, 188588
(18188188 (1881188181, οὓς 1188888 8811,

188888, 11886188 88818 8818818, 1808.

-de 81888888, 8818811181 08118888 81
1181888811 8818818818 de 81888, 8181,
8118188881, 11 118818 68 81888888, 8

18888818 8881118, 11188. Princeps, 881118·

811188181,88818181181881118. 1 89, 818,

81881188181881188. 88818 8608, 6111,

688,815,810,851-810,101; 81188. 81888·

8188 (1888188811 8891, 896, 168181,

fflfflfflmfflmmmffiffi

5111, 588588, 586, 5 11, 8181 8881818188

188181, 881, 891-888,102·115,181,185,111,

188, 181, 185, 186,111-118,159,160,181, 116,

Qffimfflmwffimffiffl

8168, 166, 5111181, 581, 588, 585581. 558,

519, 580, 621, 686-681, 688, 181, 681, 688,

615, 616, 818, 618651, 659-661,661,611,101,

118ς 8188088188881188, 0. 8. 8188, 8

-111888811188, 081811 V 88181, «18 88-
88·,8181,181,5ῶ.591,5181,509,511;818
moritur, 5155181 8188 11881888, 111. 888-
1110818, 5518.

188888, 8118188, 881181.. 5 8, 810. UH, m

-Anflelun de, 8. 1., 11888888 88888 888·
tendit, 8 118.

1888888181, Apulus, 8, 1., 88888888, 8

-181, 88888188, 8. 1., 8118818888, 8
’158168

-Δ81., 118888ὶὶ18888, 8. 1.,8181,815.

-188818181888, 8.,1 11. 101, 118, 188,
851,181,8156.881,185,581,8505,506,515,
5811588518.565,51·1,8888,116,161,5658,
6681011108

-Α1881818888., 18 1881118, 8818.

-8888888, 8. 1., 88888, 515.

-0818881, S. 1., Fert 1188, 8 199.

-8818188888 vel 8818181188, v. 8181, 1888.

1188888,

,1118811 8118881118

1

9⁰⁸

1888888, (1811881881, mm. 8651, m

-11811881 881888881888,1 165.

-0888811188118 Ρ. 181881, 8 116.

-8188181, Ρ. 1181118181.1188(1188 81 118
thymus, 8 818, 611.

-111818811888, 8. 1., 18 81811188, perum
815.

-Ρ, 8188818888, 81811888, w.

-1181811888, 88888188 Dux 81 8188181, 1
818898, 8881, 8165.

-18881188,81.,8111.

-88188, 8888181118, 5616.

-1881188188 81188888, 1888818111 81188,
1181, m, 8181 8 185, 681Μς 8 15; 1888·
888, (181811 1 81188, 88888818 1888188
810. 851. 110, 88915881 818 8818 618515,
556, 610,511, 8881.

-1118118888 sne, 18 118118 8 888. 8188188,
81111181.

-11811888, S. 1., 8818811, 811.

-111881881, 0818881. 8. 1., 81188 8 1888.
81188188 88118118, 1111.

-0. 0888881881, 8881188, ⁴&

-88118118 891.

-188188,888818. 11818118, ³8⁵2. m.

-8818811888, 11881. 8. 1., 1188881888, 1

-881811888, 8181188, 851.

-88811 saponem, 8118 Augen, 118181, 5 ⁸

-Portalegronnin vir 8881118, m.

-58888188,8.1.,118888888,5181.

-ι88888881ι,8818881188 Dux, 5 18

-18888118 888, 8165488, 115.

-188888, 8818888118 8888818118, 18881811,
8810, 8 119.

-11, 1881188. Rex, 5 510, 581, 611.

-11,118181188 Rex, 8516.

-111, 8881188188 Rex, 888. 188181, 11886-
8119185101, 118, 118118, 111, 116118,
156-159, 165, 168, 110,]11,181-191.191,18,
801. 101, 801. 818. 111, 818. 851, 158150,
889, 805, 818880, 811. 819, 816-818181,116,
118, 156, 151,118115,111,118.8 10118, 181,
188186, 118119, 158, 101, 855. 858181,
w. 818 818, 815. 811. 898, 891, 1118. 108,
108, 6116111611 688. 615, oel. 688, mm,
81. 6115. 101-101. 1115101. 118115, 111, 111,
156,158,161.161,169,188. 181, 81, 18-18,
801, 819, 810. 818, 811 811818. 151, 851, 151,
Qffiwmmwwwwm
108105. 101109. 11118111 181, 188181-
181. 110, 119, 150. 151151. 181161165111,
118180198888 8, 11, 15, 18 138. 181,
111 155. 860, 880. 510, 581. 518. 511, 581,
581. 538, 511, 511 516. 518511 556518561-
mmmmwmffimmffi

 

