9²1

. 144414, 11144. 1414114, 41111441 11 4114, 4448.

-14411, 141444, 44141. 1141414 4114, 4814,
84814414, 4σ1.414,444,440.

-14411 1414441414411414411. 4144401
(1144414) 4114, 1441444 1141444444118, 4

-14411.14144444,11411144111 uxor, 1 110.
1441414444.

-01411, nens. 11411141, utor, 4411.

-111444414 1144144, 1441.

44444114, 144411441444 de 1444444, 1 441.

-1144441444, 8444141811, 4401414, 444,
4414,Μ1,4414,418,4118,410,080.

1441444111444140444144, 4 81, 44, 44.-
1141444444, 4. 44444, 1141041444 Pom,
1114444.

-41 ,444144 84144441 41444144, 418, 1044

’ 'm

-1’. 1444 44,444141.,111,ω, 4401, 418,

-44 1441414, 14144. 1144144, 444414 11111114-
41 11 44444184.

-414 4441414, 11111441 11, 11144. 114414,
uxor, 144144 cnon 11, 444141411 414441
donum 1444144441 4441 44444114 4014-
4441114444 14414144 41 4411. 44414444·
0441,1881,441,4111,Μ,441·414.

14414444, 844, 8444411, 4 40.

1441414,1444.,444141., 4418.

1441444411, 14441114 44, 4. 1441141414·
44444

14411 4111444444 11411441, 448, ml.

1144141, 441 (14144141, 4444444, 1141444·
44414401444.,144414444. 14411144. 41
41144.. 44441 44441441411144.,844.144-
144,4440,4444,404,414, 414, 410, 411, 4
mmmm· 111. 114411-

1441414, 11144. 04, 444144, 4 84, 404, 84.

144144, 444, 4 48.

-8, 1., 44 11144. 11414441 44411, a& 41·
1144440444111,4110, 4411418, 410, 414-

11441444,44.141.,4.1.,4444,414,1444
844. 4144144, loe.

-44444.,0414444411. 1141444444, 14 0444.
14141. 1114414444, m.

14444144, ο44.,4444.

-11414 414, coneum. 4144441444, 844. 144·
1444444444,οΜ

1444444104, 4. 1444144101.

141114, 4. 1114444441.

14444014, opp.. v. 14441114

1444441444, 44444, 1441114141.

14414444, 1411144 444414414, 4414.

14414111, 8444144414,ῶο

1441411141, typum„ 481.

1144114114, 114. 114414144,444.

t, 41.

INDEX GENERALIS

1444444144

144114114, 11. 14144144, 44411, 4 414, 180.

144111, 84444, 444141, 488, 40.

144114, 0444114144, 1144444144 1144114444·
14444810.

1441144444,11144.,04144·, 111444, 44441.
1444114414 4441414, 844, 144144, 4 411,
444, 411,4”0,414,010,401,414,14,11,Μ,
141, 4141140, 404410, 411,444,440,441,
4481414144. nm

14411444, 8. 1.. 04411144, 4 518.

-0144444, 1444414144044141411, 844.
4141444, 4441, 441.

-111114444,8.1..041141144,444’1.

-44114444, 4. 81114444, 1444.

-14414, 8. 1., 04441411, 4 401.

-Ρ. 11414, u opp. 4144144444, 44144 n*
4144 con. 114411 (14444144, 4 810, 4 411,
64. 181. ’14-

-Ρ, 1414, 44 opp. Vua, 4411.

-11, 1414, 44144 44444 11444444, 14 11441-
04 4111414141. 4441444, 4444.

-44 1114444,1444.,1401

-414 844444141140441444, 1481.

-8414444.1444.,14(0.

-414 14414, 1141144414, 1441.

-4141444, 11414, 04444 de 1144414, An·
444144 1144444, nm.

-41401444, 1444, 11441141, 8. Igu. 1441414,
44444, 1414.

11441144 (14 14414 14411444), Ρ. 144, 04·
4141141444. 4 401, m 0114444, 4 141.

14411444, 8. 1,Ὀοῑο414 11441441 14144444.
Ι
-ffissffiu 4441441 4114444 4. 14544

-8, 1., 44441444144 1441144114, 4414.
-144144, 81411144 1144,4841,410”1,414.
’v' ΡΙΡΙ, affl, ⁴ 5¹0

-8444144, 4 481.

1441144441, Georgius, 0410.,4414.

14411444114411141414. (144, 0. 1.,44444444.
84, 844. 144144, 4444, 441, 4401.

1144441114, 41114 44444 11144414.,414’1.

11444414, 444, 4. 1144444.

14444444144, 11144444411111144111, 11144.
1414411114 41 4144 11111, 044411, 4144411144
444144, 444. 441444, 1 144, 100, 410, 4444,
4404(444444414414441141444),4444,411,
14111444 41 44 1441414 coll. 14111144,
401, 414. ·

-114444, m.

-1141444, 4414444114 uxor, 4404 (14 me.
41444444 4141144· 81444444), 4 740.

-14144414411144414414 1144411). 14-
444144 4181444414 4111144148 ludin,
1 84. 014 1141441414 domus 4444144144, 4
104, ³ 14, 14, 411, 401, 401, 418, 400, 444.

8444444444
44

 

