ψ

litonum 01444444144444, Μ. Μ.
441, Uiyuipooo 11441441 143, 11404·
4141441444 moritur, 11144441, 441.

144, 1. (1444441444114, 441411441444
1144141 44414 excurrit 1444, ion. 144,
441, 11111, 14 4134441441, 4141111111,
14444111, 111,441ρο444,4ω1, 44, 144·
ionio 44444444144, 404, 444, 44144 1444-
444414 1144441441. 041144444114, 4414
4, 444444, 441, ,4141414141 dogit, affl, 141,
1111114444444111, 414, 401, 444041,
14444441144 Domo· 1441, 1411111, 1114-
4144 4404444. 1144.,141

-1444., 4. 1144441441 11444411 444144, 1

’ -1.1144114114,1144444 144414414444411,

8 414, (144144414441111444414144144444,
4 414414

144,444,4.1.1144.,044,11411, 41144 4 1.
41444414, 4 iiii.

-11144444, 4. 1.1144.,0444,11411,1111.

«1. 11144]4144,1444.,044,11411, 4114444,
4 a: 14444144 444114 114, 4 444, 440,
414, 1414411441, 4 140, 1144441144, 4444,
441, 441, 4414.

-1444, 044414 14 44444114, 4414.

-1.1444.,44Ε444444141444441,1Μ.

vm, 4441444414, propo norges, 4444.

-4144444 44, 41411144 14444414 41144, ,1441
morium 1441414 441 1444144441, 14441·
444444 414144, 444. 144144, 14444414
41, Dux 1144444114 1444441411, 44, 0414-
444, 81141, 1444441, 141, 4111, 44444
4144114 1444144441, 4 414, irio.

-1141444, 44, 0. 4. 14, 44144411444 144-
41144141).

-441 44, 14444414 144144, 14444144 114144
44444, 4 111, 14, 4 111.

-411444414 44, 14444414 4114, 0414111444
44 boon, 11144444 11441444,1140,111,181,
444, 40, 41, 41,111,Μ·111,441,441,544,

441, 41111111, 111111, ww. 4 iio, 111·
114, 111, roo-w, 4 144, 111, lii, 114, w.
104, mm, 4 w. 414, mm, 411, 14,
1144444144, v. 1444141444.

-iioriiio⁸ 4414444414 primooonitou, 14·
444411,141,4441144,41,4414

i-Fordio. 44, 14444414144444, (1444144, l
411, ω, io 4141114, 4 110, 101, 111, w,
44441144, 4 414, 4444111.

-144414, 44, Protegit 44444141444441-
41444. J. 4444441444, 8 141, 4 iirooioio
434441444441.

-11444114444 44 14, Philippi 1414511144
regin, 14 11444 1441444144 (Agonia),
411.

-1444.44,0444111,14,1,444144,4441414.

INDEX GENERALIS

mm

114 144144,1110, 41411144 144444,1111-414111
114444444 collegium 4. 1. 14411141 potii,
118. w, 14141. w, ΜΟ. ³⁰⁴, oo,
414, 44441444441,114,411,411·4ω,ῧ-
Μ, 444, 8 11, 11441 Domum Ptoboiio·
414114444444,11-14, Aphrodisium 44411,
41,114, collegio Panormitano 41 4441444·
114 4144444114 14441, 4144, expeditio·
oum 4414444444 4444441· 1144 genero·
114, 44, 1,44414144444,411414,14-11;44
4141414 114414443411 14441, 4041, 41, ω,
101, 1144441144, 114111, ooo-iiio conver·
444414 144441441414 11444441 promovet.
1114, 144444114414 14441,144-141,141,440,
444, 1444444441444, orooro, 444, 141414
11414114 4141444414, 450441, 411, 41444,
4114 44 ipoo rocio 14414, 4 14, 141, 144,
iffi, 111, 114, 1401011111, moron, 104.
101,111,111,11441444,411444144444114,
111,441141·4444444441114441114444114,
041144114444444144 41 1444444144444
4441114111, 44 41114, mm, 114111,
iiim. 4 144, 144, 141, 111, 114, lie-wi,
1]1,141.111114.111,111, 111, 414, colio·
gilo 41411144, 4 141-110, 114194, loo-209.
111104, 104 111, 1111144141, w, 11,
111. 111 m mmmm» 194901.
411411, 114414, 411414 44 44414444, 41
11441104441111 144444414441444, 444,
440,

vm, 1444. 4411141444 44 (1441441441.

-444444 vei 44444444 (suero) 44, 14444·
,1441411444444 4 41, 41, 11114101,
symonis 14441, collegium 4. J. io·
411441 44441, 4 mm, 4 141, 4 141, 114,
&il-88, 441, 444.

1434444444, opp.. 4 411.

roger 44 14 11141, 44,), ooli.

14,14,14,144ι (voglio), opo, 4 411.-
1141444444,01141414,Α14441. 44, 0. 1.,
4 w, 141.

1414 (Volui). opp„ 8 1111.

1414, Andr„ 11444114414444 44 Priogo 14
11444 1444444444, 4 441.

-11144, 0441414444. 11414. 1144144, 1410,

1414444, 14444 44, 1441.

-11114444411 44, 1144444414. 44 (11444444 44
1444444, 11 114414 44 11444444 44 14144·
1144 Protegit, 4444, 8 1101, 441, 4 4114

-144444 44, 1411.

-44 Annon, 1411444 Anguis, 11441444 44
14144, comitio nobilio (eondooiobio) co·
4141144 uxor, 8 418, 404, 411, oli-ola. 4144,
w. 4 411, ὦ, 114, 4 441.

»41144344 114414 44, 11 0414111444 44

ww

 

