1111

814414,8814,8Π,818,4818, 444441,

114444,114144441144, 88181818, 111,
w, 80,111,5’8,571,8841,141,811·58,
8881483118. 88811115. 118. Β,
881884811114488888811

11444, 144444, v. 114144

114444, 44144 114414, 1148, 444,, v. Ap·-
444144.

114444, 411144.

1144144. 1444, 0. P. (44441444), 41144·
1144 (W 11441 vel 111441).

1848441444114114 84114444), 444, 8 Μ.
-414144114, 4181, 88, 8 w, 4141444, v.
1144444414,1414.

1114444, 11444144 napum. 1144444, 8

11114444,11441444,144441441 8444414 44-
1448181.

11114444 114444444, 884141414414444,
8814.

11114, 44444148441444444 444,,8148.

11114444114,444.,88411

11114414, 444,, v. 04441444 141444.

1111444 conde. 1444, 0. 8. Fr.. 44414144.
84441 warinum.

1814144444, 8414444444 444, m.

1814144444 441 814444, 444,, v. 1144414144
114444.

1484444414,1)441444 44, v. 14444448444,
14444. christoph.

-1444, 44, 0. P.. m.

1814844444, 1144144444, 844444 41 Az-
144, 114414, 1 541-1144, v. 444444 41
(144444, 14441144 44144 44 444444, 1444-
44111444,1541, 44144 44 4444644111444-

1111414844, Ρ. 4144. 44, 114444444 44411,
8818, 1444441, 881ς 81144444, 815, 818.

-41414 44, scyllam. 441 8444114444.
(8441114441 up„ 8 18, 8 Μ, 888.

11114144, opp.. v. 444114.

-1444. 44, 1 480.

11114444, 1144444111444 44, v. 141414 44
cordam, 144444.

1111441, loen.. 444141, 8118,

11114444484414414444 (1111444444 44 144
1144444444), 444, 1481.

-14444 414144, 1444411144. 11444448
181, 188, 4118, 8111, 8184184188118,

1111444444, 414444 444,, 8848.

-41111444441, Ρ. 1444414444 44, Romu 11
ulyssiponem, 1253 Complutum, 184, 141,
141, 168, 1448488111, 1118818, 81 1144144,
481; 11 (144441444444, Q (1444414444,
4884 1144414144,484, 485, 448, 8 88, 111,

114444

INDEX GENERALIS

916

Ιῆ 8444144, m,- 0444141444, ml&
8444444114 4444144 1411144141, 114, 18,
mudum. 14441114, 44444411, ἢ δ,
· m, Ι1414144, 114141144, (1444141444,
Μ, u. 111-444, 688 &cordu-
hoffmannum&-
411, 4 11, 84, &3 complutum. 11444144.
4118481, 414ς 41441444, 411, 418 my·
mm 0⁸¹³}ss smum mum, α4
418, 448, 4414 81 0484144484 1444. 84411-
44449, ⁴8⁴. 1858111144 m. ⁴³. (41
44411 1144444144 84444144, 445481, m,
418481. ¹¹1 041· 14414414 nl, 484 ¹·-
444411144, ὣς complutum, 1144414444,
1144448448 ml. 5⁰⁴. Μ, 818, 844,
1111444444,14441444(14144),444141., m.
-8, Thomu 44, 0. 8. 444,, 14144144. 44-
414144.,1181,1ὓ,811,81, 445, 8 848, 848,
184,158,451,854.485,448, 8 811, ⁴204,
ω, ῶ,8811,814,ἤ,ἢ,818,8581
111144441, 844. 14 opp. 4144444, 4 m
-814444414 44,11(1444114 44 841444,
4444,8882,8[8.
111144414441444144,444.,4 418, 8558.-
11441444 44, 1444444, 1444, 8ῶ8.
111144414 4414 1484414, 444, 4 411.
11114444141414, 1411144148 414144, 8814.
11114 111144441111441444),444.,8811,ᾓ,
4ῶ8, 8888.
-1414411111441414184448144 444,, 8 1111.
1111414, Ρ. 844444, 1414444144 11444448,
1414444, 8 118, 1814 14 1444414, 8 ὥ.
1111444, 111 14444814 44, v. 14444 14414444,
11144444, (pamm. 1744444. 11441444 44
1144444114).
11111444 441 84111444, 444,, ew R.-
04114. 1., 8548884
11111444 (1411444, 881844), 14444444, 8
1111444444, 1 4114, 481.
11144, (111144), 444,, 815, sslfflffl,
11114444 441 11814444, 1144. (1444444
8. 11, wo, 811.
114444114, 444,, v. 11444114.
1144441144, s. 1., 8414448444, 8 841, δῦ.
-8. 1., 1414411444, 1444444 1144444444
44411, am 14 144414444411,181,184.
-114, 1414411444, 141441144, 4 8141414·
4441851.
-144444, 8., Ο. P.. 4888.
11441144(14441),14 44414 11448, 1. Ant..
ΒοΙ44,1.444411,1 ²⁴55 114444, 844; 144·
44444, 881848, 811, m 84441444 114-
4144, 8 818888, 818, 888, 811, 848, 848. 588,
w. 548, 555, 8 188 81144444 41111144,

 

