885

19949494, 1999914,1909,911.-9491449
14, 1909.

9999, v. 114444.

19441194, 491119, 4. 99491 0441.

9449994199, 9., 94149149. 4499144, 4

9941491, 4. 444114.

9949149, 444., 4. 44419.

9999(99914441444941),444.,199

99949, 1449441, 994141, 9999

99949, 9414144994, 9 019.

14414449, 99414994 9194994949, 4149,
19911. Rex. v. 4149444994.

-9119494,1119494914 4199 14 11944, 9

-9.94499.,04919941444,1 099, 9449949·
144 9444. 14911.. 191, 919919, 44999919,

-Ρ, 94494, 49 14114,1994,119;944194114·
4144, 9 145, 149, 401. 4094 191949149 9494
44914,919,’91,9494,4099,9π; 9499,
m, ew, ’91

-9449941949, 9419914944, 9499949999
411441499 99419111194994 9914944949,
19 44149 41149 4914499999, 1 191, 919-
994,919999,499,491,499,499, 490, 9 141-
144, 499491, 999, 99), 919, 8 mm, 999,
9 990. 911, 999, 919, 9999919199.-

-11, 144, 1919, 914, 999, w, 99, 991, 919,
991, 99, ’114 1199199419. 1144144, 41 Pro·
419419114 9411414491, 9 5⁴, 410, 419, 419,
419, 419, 4 499909. 904. 9919099119999,
919, (ἃ, 994919, 9919, 919, 919, 999, 921(
999494 994194.919,’191,999,”91, 999914.

-19144.,0494919 1991499444, 1 949.

-99444919, 0. 9. 919444,1444991491494414
941944 94444, 994. 44914199 909 949, e

-14 4194994,1999949, 1444914 14 4194-
91449, 1949. ·

-14 4199994, 91449, 194991491999 14 41-
9491449, 1949.

-14 4194994, 9949444, 1941.

-1441944944194199, 1449449, 111 194-
491419414491491, 9. 9499414 114414
449441949111919949.

-1494419,1499.,1949.

-14 (1994499, 9411441999 (99141499), cn·
9191199 4191441194 (4144149414), 1115,
949, 091.

-14 (1494444, 19144, 1444914 14 419491-
444 91 9444499, 144499 1444144 449111
11441994 144194 49444 19 4991414, 1 991,
111. 111. 1114), 141. 149·

-149994449, 1494141414 41991494, 1

-14 9494449, 1199494119, 1949.

INDEX GENFRALIS

1111144911

99414949, 19 91414949, 14414 4994, 1949.

-14144414194941949919 14 0444494 41
4194149441949.

-19 1114449, 194994, 1 194991491914944-
19949 9944, 4 419

-do 941499441144414, 99444919, 1944914-
9144414 414491949 41 0494449, 1449144
194999 994499, 1949.

-91409,191ο4., 11 999 14 14119914
11199444, 9194914994 4191441199 (4191·
49914), 9 919.

144914,441-.4.1149499199.

94444999, 9941194194,19·1,49,9 191, 9 loe.

94994,9449414994414999494411490,
effimmmm

94494199, 444, 4. 944494144.

149994, 444., 4. 449494.

1441449. 491.,4.11449119.

94491914, 491. 191949

141499, Dux 41 11991494, 9494441444,

94491991, 44414, 4. 944919.

94994, 444.,4419.

94949194, 94494194 944, 9419944449. 44·
99144.,944.149444, 1199,194,13,191.

94494491, 94.,1549.

9441, 944444199919411, 9 191.

1144914 444194, (144144), 444.,9 919, w, 1

11949149, 94499411994, 4. 11441994.

99441494, 444.,9 010, 941-19 99414 14,
9444, 991414, 144999 19449 14, 4 999.

-949491999 994449.,4409.

9994499, 4444, 9911.

1999199 (449 99494), 111441494994141
9491911 1449144999.

99444044, 1. 9., 9. 1., 994141, em.

91441494, 999444, 944149, 91914919

94444141, 91, 444., 149491. «9. 1444994191
99494141», 0. 9. 11144, ΜΛ hm, 9 999,

99441444, 94994, 9. 1., 9494944, 9 910.

991114, 444.,4409.

9944944, (11491149 1999449494 144194
1144191149 19.

994194, 9. 1949. 9441, 9914911910911.199·
144, 9999, 909.

944149141414 94949, 14419 94919144, 1

9941949414149 14414449, 441.,4 911.

94414114 99919, 44414 11444. 19 94491119,
4. 94141199 9499194.

99491441, 9494441444 91911. 91919144, 141.

-994999, 0. P.. 94144 macuta,

9119414911, 444., 9140.

Mod!

 

