849

88811411418118, 4588, 584, 8481, 588,
518. 8 841.
411114ιά8181818,1881.,0.1.,811881.41·
181041408148184114. 11th 818181·
11118441 1814148111111141811881, 1881
888, 881448, 881181481181. 4181481, 51.
1141181811, 181, w: Romani 8811. prou·
8411,181; compostellanum (1811. 888184114
1818888811, 415, 818, 3 1418188, 188,
558, 414, 18, 181, 118, 468,115,118, 118, 8
1811, 181, 8 miz-Ejus 111481, 4 181.

-111118(441·81444,11·8 4188841441, v. (141-
11118, 4111.

41811811111114,14118881. Lentu· 11
(111111,8 111, 888.

Alvum. 4111.,8.1., 1115118, 188, 158.

41141181, 11818118 18,1.11814481081418-
114.

41881118,1. 41181111.

411148, opp„ 4 411, 42⁸, 517.

411881, 18111118, 1585,581.-1)ο11111411,
1148.

41888811, v. 181411 411881. -

41141, 4118148 prov.. 4 151.

4111818111 (4118111811), 8118111181
1118111 proviniacum 8 811-1181,
1181114, Dux, 118111111818, 81131111-
814, 1111111818, 181181, 8 821, 825, 881, v.
Oxlndono.

-8ρρ.,8 148, 141, 481111, 418, 115, 1111111-
111, 8 481, 488,45,818,811, 8 8, 1848
811881, 818.

-11811118, 1., 841.

-Dux, 4 141, 418, 411, 414, 418, 8 811, 881.

41111(1118141),1. ’181181 41184.

4111481, 4881118. 141. 11114111, 1“15, 11.

-488114 Putris (11884111881.,4811.

Amazones, 11 41181184, 8151458.

4118811, opp.. 5818.

41111118, templum 11 conge, 1 m

4111111111, 114114, 181481188881451,
418, 411, 4 5,188, 8188, 481, 4 888818, 8
8, 148118, 8 48, 811, 841-181111111
B. 11. V.. 1171.

4115184114, 4111181811, 4818.

-118811184 8. 1., 8 48.

-111481,((14118111111), 1488.

-11, 1181118114, 5188.

-8’., 11811811181.11)).,4 118.

4118111, ορρ.,818,88 88.

-0811, 8. 1., effi, 41, 18, 888188.

-811488114, v. 118118811.
-1181114888118111111144, 8 88.-1“811-
11118141811418,8 ῶς 8. 1111118 «dl Po·
418118»,888,81; 8. 1118118114, 881.

41181181,188,158,8 8111, 88141, 811.

-1181111811114, 8848.

T. 48.

INDEX GENERALIS

4488114

4118118184, 111.. 18811111, 8481, m.
4818111111, 111114, 1 581.

41ἒιῶ881841,18111484118111114 18, 1 588,

411111, 81188118111414, 8111.

4111111181, scipio, 411114, 8 181.

4111111111 (4111111181) (1811141414, 4888.
-88118418, v. 411881, 41111.

411148181111111(41141811181), 8,1.

41811811,Ρ.184811ι18, opor. 11 81141111,
4181, 8881, 415, 4184818881, 888, ω,
888, 41,-88141811, 8184185.

418811, 11818111, v. Picenus.

4 1
41.81,188,851,8 81, ’5, 18, 18, 1111, 811, Ι
88-41184 8. 1811111, 8, 81,-881488·
pun, 1. 11188111. -8188118181, 8 81.-
Templum 8. 111118, 4 141.
4111, 141811, 8. 1., 4891.
4111181, 4111. 18, m), 8481, 411, 181.
-1848, 8. 1.,8481, 411, 81.
4111111811, regio, 1. 11184181.
4111111, 8811111814, 8. 1., 4 m, 8188, 8
1111, 8815, 818. Ι
4111818811, 11111818, 1 511.
-8101411, 4111,1 841.
41184811, 11 4811181, 5185.
4111118, (11 48141 4111818) 111118. 18,
script„ 1 145, 4 544.
4111881, 4111111181. Suc„ 8111.
-118181111, 8.1.. 1181118, 815.
-11118418414,8.1., 4815, 811.
-8.1.,1141811,8π.
¹ -Β.,Αρο81.,384.

411184114, (111411411111118111811. 11481, .
l 418, 8148 1, 14.

4411111111, viculus m. 1111148811 ca-
meriam 18, 58, 8 48; 888. ingreditur,
81;118118181118111,88,11·11, Μ, 188.
mmmmm&

-118118141844 1., 458, 8 48, 81, 811 88,

4111111, 811.,4811118118.11411118, 4 448.

y 4184, 8811144, 181114118411141. 11841, 4

ι ,8441111 ...

3 41481184«181181181814»,4884.Ι

¹ -11111114814,118411114,8414
-881881411181181844181111, 4 w, 848.

, Annulo (Dolum), 1111111114 111, 8. 1., fl
818, 514.

j -188, (111111 wemma, 11448,
, 881.

Angelus, (1111411114141 118148 8881841·
¹ -gwfflu, 88181118 81 1181114, 451,
δῶ, 8811.

4188144
58

 

