⁸⁹³ .

1111. 11110111118Μ111Μ1.
wstwllstwffl

mu, 1111, v. 1111111.

11111111111111111111011, v. Amm-
11111. .

11111111111, 01111111, 1111111111111,
1ο11,1111; 0111111111 11, norm 01111

1111111111, lv 011111 11, upa 11 Ay*

, 11, 1111,1101.

11111 11 Soo- 1111111, 1 Μ.

1111111, 011111 11, 1111111111, Ant, 1111,
1111111111 nonme, 11111111 1111-
111.,111·1.

-1111111, 01111. S. 1.,011111111, om

-8,1.,111111,1101.

11311111111111111111111111111, 011111,
Rom 11 111111. 1111111111, 1 11.

11111, mmmm

111111, opp. 0011. ⁸. 1.,1111.

1111111111 (11111111 1. ονρ.,1 110, 111, 91,
1111111.1111111.111.111

-111111111, 11111111 0111111, prope tun·
1111111,111.-«0111111111 Dominarum.»
1111.-1,11111111,1. 0111111, 1111111111
Dolon. 01111111, 1 111, 111, 11111111,
1111111111-11111111111111. 1. Fell-
11111. 1 tw -11111111 1. 11111, 1 11.-
11111111111111111111, 1 Μ, 01
11111.. m. mevit-nu 11111111,
v. melo.

11111111111 1111111111, v. 11111.

1111111.ορρ.,1111.

111111, 11111111.ο.1.111.,1111.

11111111, 11111111, v. 1111111111

1111111,1111111, 0111111 dumo.» 1 n.

0111111111, Α11.,111111ορ., 11111111, 1

0111111, 11111111, 1181.

01111, 11111111111, 011111111111. 111·
111111, 1111111111. Bm 11, v.
01111110111 1. 1., 111111111.,1111.
01111111, 111.,1111.

0111111, 11111. 1111111, 111111.. 11111
Μ1181.1811·811,1118. 111, 111, ³21.
01111, 1111111111, 111111.. 1111.
-0111111, 1111111111 11, eud„ 11111111
11,,111.

0111110101), 111, 1111.

01111, opp.. 1. 011111.

01111111, 1111111111. 1. 1.,1 111. ml.
0111, 1. 1111111, 1· 11111, 1 111. 1 111, '¹³⁰3
11 1111111111-11, 111, 1111181. m, 1
&mmm Ml· ΝΜ

num eumenus

1111111111

0111111111, emm. .
01111, 111111.. 01111. fl. 1.,11111111111,

complut! 111. 1111111111, 1101.
0111111 1101111111, 11111, 1111.
611111, opp, 1. Pon,
011111111111111,1111. Ladon, 111111-

111111111111, 11111111 de 11111111, 1.

11111111111111111111111, 11111, 111111,

1811,810,1111,111,1111,111,111.
01111111,11ᾱ1.,1.0111111111.
01111111,1111,1. 1., 11111111, 1111
0111111, two, v. 1111111111.

01111311, 0111111111, Ρ.. 01111111, 1 U.
0111111111. 111111111111111111111111111

Petrus. 11111111, 1111, 111 111.
0111111111, mne. (1111. 11111. 01111111,

apud 01111).1’111ον111. (re 1111111 1

11111) Bp.. 1 111, 118, m. w. 1 111.
01111111, ung.. 1. 1., mentm. 1111.
011111111 (01111111111111 101 111 1 111.

111, 1 w, 101, 111, 111. 111, 1 111, 111,

111. 111, 111 111, 1111, 1111111, 111.
emero. 1.1.,011111111,1101.
011111,1111111(1111111). regnum 1, 10,

11, 11 11, 11, 11. 10, 11 11 01, 101, 181111,

111.810.111.111,111,11 11, 1110 111,

w, 111. 111. 111. 111, 1 10, 11, 11, 111, 111,

1111110, 111. 111130, 111111 181, 11, 10,

11, ’11, w. 11, 111, ’11, w. 1111111111.

111.111,111,81],101,111,11111.1.1

11.1.,10,1·1, 118. 111, w, 111, 111111,

111, m, 111, 111, 111, 111. 111, 111, 111,

1111. 11118, 11, 1111111, mmo, 111,111,

11, 11111111, 111111111118.
-11111111111, ammaonte. 111111 (11, 1

111. -1111111111011.,1111111, 1111, 1

11-011111111111, amand, 1 111. -1n·

1111, 1111111111,11111111 11 soror. 11η.

-111111111111, 1.1 1111111, 1111, 1110.-

1111111111 011. nemu, 11111111, 1 w.
-11ο111111 1. 1.,1111,111],111.11,11,

111111111111111, v. 111111, 11111111.-

1111111, 1111111111, 011111 1,1111.,11111,

1111111111111111. 111111, 11111111 lv

uxor. 1 11,-1111111 1 1111111111 111-

111111, v. 11111111-111, v. 0111111 113

11111.11111;111111111 11; 11111. 11,
01ι111011111111,111,111.

01111111, Patr. 111111. 1. 0111111111.
01111, 1111.. 0. 1., 111111, Tmolon·

111111111111111111, ln 0111. 1111,
011111, 111. 1111111, Pluto, 1 m
01111111, 1111111111, 111111, 111.
0111111111, P. 11111, 1111101118, w,

num. mo

1111111111

 

