979

11888 88 888818, 1181188888, 1881. 811.
-88088881188818, 8811888881511.
-88018881888818, 8888118, 1811.

18888, 88888 88, 1818, 818.

18818, 888, 8 881.

8888, 888., v. 1888.

18818, 118888188. 0. 8. 818,, 48888

18888888, 4 m.

1881888188 81188, 88888 1888881188 818·
88818 Ι18181 8888881 8888888, 1181

188881, 88888188818888888188,8118.

1888111888, ο88.,1181888888, 88888888-
8881888.18888.,8188

18188888.,4881,8118.

zambrin (88888), 888, 4851-1181888·
888, 8888188188, (18888, m

288888, 11888818 88, v. 88888 88 8868, 88·
881. christoph.

881818,881881188888888188, 1181.

88181818, 888881.,88181 88 1881888 81188,
188888).

2888818881, rognum 1818818, 8 m

Ζιω88888818,88888888,88818888 1188118·
8888118 suffragan„ 1188818818 88888811
8888888 11888188, 8 888888. 881, m,
Μ, amn, 8 m 8818 [111188 auum no·
1888 mm 881, 888181, 1118188818,

188888, 888, v. 8881188.

1888188, 8818881188, 1188888 venit, 8188.

188818,88888.,888181. 1888188888, 18
1118888188 8881818888.

zm, 888, v. 188888.

18888888, 888, v. 0888888888818.

8888188811, 888, v. 1888118818.

118818, P. 11188. 88, corduba 1188188, 4
181, 8118818, 818, 8881, 818, 818, 88888
8881888188, 818, 811.

-Ρ818, 88, 81188 811. 88881888, 8811, 81.
18 888888 18811181 8811881, 8888, 4 28
1818 coll. 8. J. 88181 88881, 8 8, 4 8; 888-
mmmm 8. 8881818881 88818888188,
181, 1118 88881188 88811, 181, 188, 118118-
8888, 8488 0881888188, m coll. 8. 1.
ln opp. 8888188 18811181 8111188, 1818 08·
188188 pergit, 881, κς 18 Belgium. 818,
818, 818, 8 18, 1118118118, 182, 181, 188,

-818888188, 1188181811.

888888, 888.,1888.

-8818, 881811.

-81 1188888881, 1188118. 88, 1811.

2888888118, opp„ v. 188818818.

1888811881), 888, 8811-08888818188
uxor, 81811188 Proreus 888118, 8 w.

INDEX GENERALIS

188888118188888881181), 888.,811.
1888881888881888, 118818 88 81888888, 1
1188188818 (1881888),88818, 1 118, 181.
181188, 8818188188888.,8181.

188888, 88818888, 188888, 4 11.

88888188, nomen duorum juvenum 818-
8881188, 8 188

1888881. 88188188111818881888888188 1888
lege. 188888881118.

21888811, 8888888 88 quidam, 8 888.

888818888811888881888, 0. 8. 8., 888181,

2818188818, 1188818888, 81188 «1888888»,
0011. 88888188. 88 888888 88818884

118888, 1888, 8. 1., spiren.. 18 coll.
(1888.. 4 8888 1888818888 818888, 8
818, 881, 1818818 11888188.

8188888888, 1888.,188888.,8811.

-1888, 11888888, 0. (188818, 888181.,8

-11188.,188888.,8818,811,811,8818,

21118818 (111188), 888.. v. 81118818.

18881, 1188818888,11888188188.118., 8888.

8888, 81881888, 811188 88818118, 4188.

zomon, 888.,8 888

-1188118, 88, 8. 1.,1888881811 18 818888
888888881811, 118888 88811, 888.

18888118, 1188888.,888181., 48111.

Ζ888818, 188888 ign. 881811.

-18118188, 1811.

-Petrus, 1511.

-0888 81 888818, 118118188 Igu.. 1511.

-0888 81 888818, Patr. 88, 1811.

18888818, 888, 1888.

Ζ88888888, 888.,18111.

888888, 888., 1 818, 8 811.-81888188,8
808, 801.

18888188 8888188888,1888.181.,1881.

2811188, 1188888 88, 8188881188 Dux, 4
888-8188 uxor, v. 8188818181888888.

-881888188 88, 11 commus 88 88888, 8

-111888888 88, 0818111888 8811118818, 11188·
818 88 1188188 8188818 8888888 88884

-1118188,11 8881111188 881 111888, 8 818.

-888888 88, 88888188. 1181888888, lnqui-
81188 (188. 1181881188, 1 181, 8 888, 888, 8
811, 1118.

-118818 88, 1811.

-18888818 88, 111 8881888 88 88188, V co·
81118 88 8818181888 uxor, 8181, 818, 518,
8818, 11188 conjux, v. 1181888888, 18888.

-818881188888,18888.,188888888 111·
mamm.

111188

 

