01188118

48180811888181,8.1111881811188,8118·
81181 18; 11 conss, 0888188, 118811888,

01188111, 1188118818, 8.1., 11118888. 088·
1181, 1058. ms. w 18011818.

oliverius (0118181), 8. 8811..118811810811.
1188181, 88811 nemum, 8888118881, 18
11881818 88188818, 18 88181888 811-
11181, 11 811. 818. 184. 881, 88, 118, 188,
818, 818818. 23⁰ 888888. 111; 1118181 88181.
8181888188881 11811, 881, 4 8, 844. w. 01
188118 88818811. 888, 8118 881 1181818118
excurrit, 18 18181811881188,Μ.8811-
8188 8111811118 88 18 8881188 81118818,
818810. m, 81, 111, 818, 8818 1818881 18-
811, 801818 8888188 11 qustum· 8818·
1818 8181.. 81 81181188 0818188118 18181.
18111811118;8811181,8 21, 88, 418, 488,
480418 818818.

ν8.11818.,8. 8818811188888, 1188181 Vs·
188111818 (811888188888), 8118 Belgio
81188. 818818811118, 4 800.

-1188118118, penultimi 111181, 811 81 ss·
8118884800.

-18881188, 888.. 4810, 0 488

- 118881888818 8181888181188, 3 818.

0118811818, 018888188, (0188181888.,8
m. -0811, 8. 1., 8 881. -1181888888,

111188, 881 1111888, 11118811888.
0188888, 01118818818,1508, 818.

081188, 08111, 1181111, 414.

08181181 (18 18118 1188181181), ο88.,1

offlffi'wnfrol vsl 081188). 8. 81188,
01811181 180, 811, 818814, 441; 88811181,

- mum, 8217: 888188 8. 08881118 111
081111. 8 0, 848; 888881188140, 181, 181.

0818818818, 888, mo, 8 818, 811, 818, 881,
4 888, 848, 841848-18881881, 4 840.-
Xenodochium, 4841, 841.

01818, v. 08811818.

0118, 18888 811881111,18,81, 481, 408, 800,
508, 801, 501, 818, 818, 818, 818, 88480, 881.

-11811118188, 88111 18881 1818881111188,

-mss pstor 0118118 1888118 0888, 1

1-ῗ885847088818 18, v. 1888180188.

-81 118111, 81888811, 1888118 1818881118·
188 8881 1881881118 18 1888111841.

-118111 81188811, 11181. 1811888811888-

-ζῖἳίἒγᾟ, 088181, 888 18811118 ds, 1

-ἓῗδίἰιιῖὴ, 8811188888 188 11. 1181881188
11. 1111181, v. Loyols.

01118111

INDEX GENERALIS

9³4

088881881818 (088881181818 181180888-
8818), 888.. 0414.

0111181,1811118, 88181118 vicuium 881,

-01, 1111188181, 18111 111181, sonim
118 188181, 88188118 w, 848. 5888 111-
811188 88188881,881,ω,010,11, 8 110,

Ι01·18,888.,41118. 8 [w.

01888188 8118818881 881 8881181 88111, v.
1881188.

0188118, 0181118. 011811 (01118811), 888, 8

0118 81881188181881, v. 088181818181-
1188 (1188818118.

018818, 888.. v. Auris.

0181811888, 8., v. 88118.

018811, 10888818, 8818118 08111188, 11-
8118841188 81888181,181818,188181,

0188111118, 888.. v. Urgellum.

011, 1111111888, 0. 8., 811181181888181181,
141, 41, 00, 4 18, 14, ’8,10.

0111, 81881118. 118118, 11111111.

01181, 1·, 8811181181, 18188.,188881., 881.

0118818188 18818888, 0 845.

0118111888 (1188111881), 8881881, 8118,
{lh-Templum 8. 81181, 888.

01188811, 888( v. 0188118.

01188, 1181118818, 8. 1.,088811111, 4408.

011881181,8.111881188 881181.. 8888181 81-
11181. ·

0188111888, 188881888. 148, 184151, 08-
401, 401, 110181, 141, 141, 1481881111.

-1188811 (0118888, 888.. 1 4884111188,
484488, 1 187, 148, 180158, ³ 818, 480, 481,
4811. 4 5, 881,848,084,885,80,888,ω,184,
080, 0110.

-11818 81881.. 1 141-149, 4 118, 8 088.

-0811, 8.1.,8. 818188181881.1488, 1181·
188188, 148, ’181,-11811188 S. 1., 8 411.-
81881181. 8. 88811, 8 481, 481-1181, 2
1581881111, 8 688-111811188, 8 181, 148.

0188881, 888, 8 888, 4 804, 808, 8 548, ο
841-0811. 8. 1.,1888,4 881, 8 401, 848,
0051-111 comes, v. 1118111818181818,
8811188 11188 8888, v. 11881888118 1188-
18, 11881111.

-118 181118, 1111881881888 118, 188818 81
0881, Anus 1111111, 1841.

018181, 8. 811818 1118181, 1118188,11181888

-1111118881, 818188 18118888, 81181. ess.
811118818 0818181,8880; 11. 8818811, 0
114, 180. (Suntne 1881181 (8881888811.

011831, Andr.. typogr.. 8 818.

-8, 1818. 18, O. 8. 81. 818818811118, Ι

888.

 

