61, 11661666161116 fmus·

616, 661, 6666 16, 10. 606, 616, 661, 616, 6161116616 (66611666), 666.. 6 6166. 661)
666, 661, tm, 616. 616, 616. ssffl, 116, 6 116, 116661111. 6. 6616611166, 661, Β.
616,166, ’116, 166, 16, 116, 166, 661, Q, Fabricius, Ρ. 1616611. 6661111, 6 41; Ro·
Μ-0611611116111Λ461, 6661. mm 5; 11166611, 6666166116 augetur.
66166616. 666.. v. 6666116116. 6411616116.
66166116111111111616111, 6116. -6161161, 11661661, conimbriam 666.
6166101. 661116.1.66661.
1166116116,16611,1616,ω. 66111816. 1611011111 06116042·
61161116116111116661166. 11661116,666.,1. 66166116.-
611161661. 1166.,1.66161(11. 66161116. 6616116. 16 textu 6666161661,
. 61611. 666.. v. 611616. 1666. 0661161161. 6. 1. candidatus, 666-
6161116, rnna„ valentiae, 666. 166161, 6 6611 Remum 6111161, 6116.
ose, 611661, Patr. 111, 661. 6. 1., 0661611111, 4
61661666161,66166161661,1.116ς1661. 161.
6111616161.,1.666161.61666. 66166116 (6616666111). Aegialus, 06616-
61116616, 611666611616 (1111161661), 666, 116, 06161116. vol 0661166, (066111)
6616. 116,,(166616. Α161116611666161661.. 666.
611161661616,11616 16 6116.. ίω, 166. 116161. 6161166, 61614, 11, m, 6101·
-16 66111.,166,661. 1116166. 164, 161, 116, 111. ·
6116661616 (611116116661616), (161161, 661616661611116611666116111666,6 666.
161161.. 16, 6611. 6616161, 6616161 vel 1616161, 1116166..
6611661661 (6166111661, 6161161611), 666, 6111611611166161661116111,6111,112.
1 16-661166661. v. 1161166, 116611- 66166616,6661.,11611666,6161.
1161. 666616 (6666). 666. 661666661, 6611661,
6616661116,1. 6111661111. 6611.,0. 1.,6166.
6616116611. timendi„ -111110616616661(6.0616616166),666., 6
61166111. 616611.. 6 Μ. 61, 61.
-6. 166661166666611666116 (61. 1666·
66661,11616..616666.,6.1..6166,16), 6166666611), 666, 1 11.-611161161. 6.
416616.. 16 0611. Gom. 1661. 1161161 mmm.
-16111161611, 1666.. 0. P ,6116 -6, 66111661 (6. 16616116). 666.. 6 w.
-(6ι61ο. 66111, 6611116). B. Ρ. 161161. 1 661666, 6611.. 6 s. J. ulmum! 161. 166.
11, ’6,16, 61, 66, 116, 146111156Ιῆ ((111, 611666161, v. 6661666161.
166, 6116641616, 6666 6, 610, 616, (111, 66116, 11666111, 166, 116, 6 16; Prior, 4
611, 616, 616. 66111111 primu· 6. 1666111 116) 1666106661666111., 1. 1161666161,
166161. 16616, 16,66; 61611661 16 666(- 11616666161ς 1666116 6661161611116616-
6111111116 666. primordia 66616161, 61, Ι 111,611111116166,1116.
61,60-61.71,61,66,66,161;6116161111111- “ 66116,661166161(16.1.1661661.6111.116611
1616. 6111116, 66. 66, 616666 61616166 16 11166666. (16161, 1116111, 6161616,
16 611666. (1161161161, 1666666 16 Ger· mmmm& 71⁵‚m
6166. 11611, 166, 61, 101, 111111. 116. lm, -6 66616. 61661. 116, 161161, m.
166 166. 6166, 6611, 6666, ³⁰⁰3 1611116. 1161661161 (6616666), Alexander. 0116..
66611161. 6611611161, mox 1111666. 66- 11661111666116 11661661166661, 666, 66·
11616,1116,166,166. 111.161-161,166, 111, tronus, 1111. 666166. 660, 666, 611, 111,
166161616111666111, 1166161 mori· ⁴⁹³2 ² 16139642, 1⁸2 ⁵112 ³72⁸&ss 156.
161, 1 116166, 1661611166, 8 l2; Ejus 66, 703 1111611 666, 6 66ς 16 11611616.
166161, 116666, 1616.. 1 116, 161, ⁴⁵⁴3 11661611611.,1166, 161, 166, 161, 166·
’6166111,1666., ⁶595. 1616 611616 111611 providet 611 666166,
-661166661, 6. 1., 6116661, 6 616. , 1616 116616166611, 611, 616, m 661666. 6
-1161161111, P. Petrus, 61161111, 6616111 6111616 11161666531635410111011· 1101·
6161..1116, 16166166. 1616661. ab 1616 1661161, 6 666, 661, 666
-11 1666. 11611166, v. 6661661. , 6611666666661616, 661. 616. 6 m
6661616161 6616116111, 66166 (66166), . 061166. 11166166,;66,663,161,616, 6 61,
666.. 6666. ¹ 616 666. ugit 16 611116, 1166, 16166616
116166610661.6.1., 16 61611111.1ι 616, Ι ³5& 61116 666161 1616611 dol 6616, 661.
611. i 66166666666611161616. 66616,
661116, 016661.. 6. 1., 06161116,6166. 61111666.

6111611116

 

