947

Puni, 1101011.. 0. 100010.
1001100060. intutu 1001000110, 000.,1
10ῗο (1000101), 10 10110 1000100,.1000.,

1101010000, 600. 001000, 1166.

1011101000, 0. 1011101000.

1010 00100010, 100010, 6 116.

1010000001. 10 10110 10100000001, 0010·
gun, 6114.

1010010000 001 1010010000 (1010000001),
100010, 6112.

1010110000. 0. Paulo-Timon.

10010010,000.,1164.666.6146, 144, 661.
641. 191, 611-1100100 6. 1., 641.

1060010000, comen 00. 0000010, Α1100. 6

1011000. 01100 1011000. 110100100.11011-
000. 00110011 00 600 001001000 100101,
6196. 266466, 4166, 6 149, 1606160169.

1000101, 0. 1010101000.

1010011 (10110011), 000.. 2 161, 114, 6 111

101000. 0010.. 0. 10000, 1000100.

10111,111000101000,4ω

10001. 1. 110110ου0, 66114.

1ογ 0011600. 000.. 6616.

101, 1000.. 11001001 00100100 6164.

10100001 000100, 6 46.

10100000. 0. 6010011001.

000010110ίο (00101000100),001101.. Vien-
00010 0101100000 0011. 1001004169.

000010. 0. 0000101000.

0000100, Ant. 00. 01100 0001000011, 10 1101·
1011100, 418.

-1. 101.. 0111000000 010100111011100, 00.
m, conimbricae 1100100101. mox 600-
1001100101.661,ω9,ῗ6411.·0101000. 0011111,
1100100011001101010110 00001, 6 464,4 6.
&Qmfflmmmffim
0010100100110010010110, (ioum 1100000-
01101,616,416,611,616, 661, 661, 6 616,
666. 661. 606. 646641, 644-646, 6 41, 161.

, 755: 110010010111 100100. 661. 66061. 665-
666,616,616,7Π,719.161,161,664; 6000
00000111, 01 00010 6000110110 liber, 161·
165, 6601.

0000010110. 6011001001.. 6.1.0000100100,
1010011. 6 164.

-110101100 4110101100 1100011001), 6. J.
0000100100, 1010011, 6164.

0001011, 1000.. 6. 1.,1101010000. m).

-ln 10110 0101011, 1. 1000, 1101010000 110·
0101, 11111, 66, 469, 6 166. 661, 6660 00110-
glun 1001110100101, 666, 6664661, 4661,
616, 661, 6610 &munaum 1100010·
101, 6010100000 10011, 666. 461. 6 516,

mm

INDEX GENERALIS

1100110

0000000. J 00000 001641.

004111. 1000100, 0. 1., 001101, 6 46, 66, 661.
566. 4616.

0010001111. 101100 61000. 100000, 001101,
4616,6661,668,516,666,616.

00101000 1101010000, 61000..10 111010010.
6466.

0010100 110101, 001 010010 0010101.. 1661.

001100001000, 6010006000 11010. 010·
00110110066166416.

0011101.11101.,0. 6. 600.. 000100 100000
110110 010100, 001101.. 4166, 666.

0011000. 100000 00, 10000000000.110.,6

60001100, 0. 1100011001.

11000100. 1. 1101111100, Mediolanensi 110. 0
Δ 000101106269.

110010. 61000.. 600000, 611.

11001001, 61000.. 0. Regius.

11000010 (1100000), 000.,6161, ouh-Ar·

⁴ 00100.. 0. 6000010111, 10000011001010.

1000. Aug„ 6 94.

10001100. 110000000. 600.. 6 111.

1101000111, 001101000. 0, 1000010011, 6166,

1101110011οκ0 1101000110, 10 10110 110010-
0010 0111000010, 10010010, 6010100οο
nonullam. ·

1100100100, 1000.. 1110110000, 10 61001110,

11001100,1100.,6. 1.,101001100. 6616.

-001, 6. 1., 00100000. 4 441.

-1. Dr. 1000.. 01110100 00001000101, 4646.
6 666, 666. 6 661, 661, 616, 6661601. 606.
616. 616, 614. 611. 666. 644, 666. 666, 666.

-1.11100., 00100100, 4 446, 441; 00 eju!
0010 01010000 00 000οο0001, 6 616, 566. 6

-101100, S. 1., 6 4110 10 010 00 1001101
011001. 01011101, 416

-00 60001001, 11100000, 601010011οι0 6010.
1100101, 1199.

-0011010010, Dr. 1100. (01. 1010000 000·
00 11101.. 00001010001.010100),0000100
000001000. 600. 100101, 0100001110 0001-
0101011111, 611, 461. 461, 466, 461, 441. 6
116116. 1616114666, 666. 640, 6 646, m.
‘affl’ nl. 424·ωο 4810 ⁴8⁴! m, ὅ affl, 44Ἶο
466. 666, 616.16,669661,696.661,666,641,
6660 00 0100 00001. 00 600.. 6 111. 611616,
6410660666, 660661.

-600000 00 10001001, 111000001000110·
000. 110, 4446.

1100110, 0100.. 6. 1., 01 11100. 10 11011001
00011, 6666.

-110 101,, 6. 1., 00001011. 6 461, 6194.

1100110

 

