Ι

14444414

144411 41111ς1101444404,141414414,14

' 414144,414.·1141400444, 4441140, 041·
0040041144444044, 4 ὣς 4. 1414, 14-
004.;84141411,1044.,1410; 1414004114·
004141 0044114104, 4. 00444111, 4101,
1441400044 144441 ,0444441, 404-111144
110014, 4 m, ’0, 41, 4 m.

14444414, 110444144144 004444444.,4 1414
01, ⁸³3 00400414 0111411,410,14;8.0404-
4114441, B. 1(.1.411044,4101.-04440·
144144 114414. 4114410, Aua-soror 04·
014111404οηοο 11414, virgo 1140 44044,
§lm-Templo: Β, 11.1’.411044,1Μ, 4
4414141, 1414 10, 44, 004 0411404, 4
100014448. 4444401404 8. 1144401011,
4 00( 8. 1411441, 4 ὣς 84141144 044411, 4
010048. 01441.,4 00, Templum 41 00·
44444 8. 14004, 4 15.

-11414.,4140, 10,-01044144, 4 10, 141.
-1104414414010,410.-11440000114444·
1144444, 4 04, 0. ”mmmmm
400, 401, 8. 14044401, 4 0144141144 044-
0040100. ·

1444440414,1.411441, nugubii 1144104,
4441,444,444·440,440,440·41,40, 10. m,
40, 4 01-ος 04441114, 114, 4 w, 414, 114,
111, 404, 411.

144444144, 1044. 04444401444, 8. 1., 4

-144144414, 441, 4 lffi.

14444144, 4144444, 0040. 8.1,,1414014,4

-1, Ambrosius, 4 144.

-114411044, 0040. 8. 1., 14 14411.,4100.

144444, Dr. 14444.,1411.

-14004., 4111441144 041, 4 000, 4 10.

14440, 1044. 04, 1 101.

144404 (144440), 1. 0041101044, 144114·
444. 0. 1444110 4111144144414101440444,
1 100, 144. 111, 000.

1144044414, 1440444144 (014111 04414114·
114), ⁰91)- 4 0 U.

14444,144444(144), rognum, 40014 Rufi
4414000.

-11414, 4440, 440, 4 010.

1444144 (1144014), opp. 004444144 0. 1.,

10444, 141444, 4. 14144.

144441440, 410044.,0.1., 1410141400, 4

11ῗ1ἒῗῖ81044. 014101144, 4414.

1144011 (41144 44444 1144411), Alexander,
144444144, 800. 144104. 4 104, 101, 104,
100. 440414, 4 140, 144,4 04, 11, 10, 00, 00,

44141ἒὲ4, men. soaph„ οι sum 44444
41444, m.

14444414

mm GENERALIS

⁸⁹0

1144110 41 muido, 00444404,4.110441441
0441401044.

1104414, 11044414, (11444444), 001.,4 Ι.

114401, 1044.. 4. 01401.

1144011, v. 1144011.

114440,1444411144 041,.14044 14 0044144,

1144100,001.141.4411,4414

1144414400 (14 14414114444044),1441·
41104, 0040. 0. 1.,1414014,4 440, m,

11444444, 041,, 41104414.

114444440011144 1144444400), 11444004,
0040. 0. 1., 14 10411, 4001, w.

11444404, 1441414 04, uxor 1401110141
04044οο04, 00441114 04 14144404,1 141,

-044041044, 14 nup.. 404.

-1044, 04, 14441. 4401411401014444, 800.
441004, 4440.

1144444014, 1414. 04, 1141441144, 4 ΒΜ

44444,444,.4.1.,444400444,4441.

111144011, Dr. 1044. nupt.. 0440104144
8.1.,4114,4111.

11104444144144141444110. 104.

1144410, 1044., 044. Huc. ο.4.,014.

’ 11044144 (114414, 114440), opp.. 4 01, 4

1104414111, 41114110401144110, 1104110111,
441, 004144 1444111114.,1441011 4 40·
040114. 4 110, 4 m.

11444044, opp„ 4 414411, 4 444, 4144,
10,·11),444,040;114ι, 40404144, ’14-
40440410 441 1444440440, 4144.

1144444,0111·.4.110444114. .

1144441410441441., 4. 14144014, 110·
44141144.

Firmium (Formo), opp.. 411, 4 01, 4 00,
110 0414444104, 441

1114,1. 1104114, nomm 10, 401.

1141444444 (11414440), opp.. 1414, 141.

11440414 (14 1140040, 11440444, 01144404·
444),44ε10,14111,404,414, m, 4 1, 41,
41,10,141,410,44,414,440, 1411114104,
08004140104114404. 114. ω4
440,410,0·14.-114104144 41044 11444404-
0144 0044111444, 44111-0414444104, 4.
04404, 1044.-0414444014, 414414,
044011 V 40404.

11441444 1414444041144 (1041444041, opp„
4044.

1144414144, Philip„ 441444. 14.,1 101.

1104444114 (1144444), opp.. 1110, 114114,
10], 414, 414. 410, 410 411, mmmm,
11101101. 110411, 4 1114, w. 40, fl.
111. 111 111181. 111110. 44. θ. R

 

