' 95⁹

8011001111, 1. 81100110.. 001101, 881, w.
Ἕω, 801101. 8101111101, 001101, 8 11,

,1000000

8000011010

8001110, 1000, 111110100011110. 80, 8.
1101000 110 1111000010, 1101001101 11-
01100100001, cond„ 8 818.

8011010101, 110011, 80010 81101100, Ah 8000011, 11101, 1100110 800011011101, 800.

10111 V, (100001101. 01 80010111, 800.
110101 1000111001, 888, oe, 18, 8111815,
ss'm’m'm’w’m 181811 101

80111010, 1. 80110110.

8011001, in 10110 10010 (1101011110), 000.,
1181, 8 810, 8810, 818, 811, alm-Anu·-
100, 8110, coll. 8. 1., 8818, 8811.

8010010000, 000., 1. 8011011000

801010, 800100 11 Anu, 1001101 801110,

8000800080001881.
-18011000, m. 81000, 8. 1., 11011000,8

151, 1181 1101101110, 11881 80000100, 1
1881, 118, 111, 118, 8 110, 81180 8000010
οΜ01118181,188,181. .
811010οί1, 8011010010, 8 118.
8001101100,1. 80101101101.
8001110011. 8101,1188.
800110 (80011101), 10010, 118, 88118.
800111, 1000. 801001ᾱὶ0110, 0. 110111001,
1100001101100. 01 (1110, 8 81, 111, 118.
8001001. 11000. 1000.
8011100100, 110011.,1. 1100011.
8018000000,80011111010 1800111001), 000.
80.,1111110100, 1101. 110, 8 18, 8888188.
8010000008.1.,00010, 11011000 (1588).
-8, 1, 11000111, 8111,881080000110,8

· 18), 121.

-1010, 11100010, m.

-10111, 11100000, 1010 800, 1811181188,
w, 111111.

-Ρ, 81100010 8011110001 10001001 8, 181,
8011130111, 8010011101, 810001111111,110.

, -810001.,101101100,1”11.

-10010 dl, Gregorii 0001, 111

8000101180110,11000011, 8111181.

-11111100,11000011,8181.

800010000 (mm 010 8000010001).

800011101, 11100110οζ10 10010 8010111001
(8000110), 000.,1818,118.-81000., 881
-11800,1.Δ11010, 11011 usu· 0001,
1. 10101 01 cardons, 100000-110, 1.
801010, 1110011 1011-101001001 c·-
11011, 1811.

8011011101 (811000), 000., 8188-0011. 8. 1.,

8001111111118181811111181111
181, 181,-801181, 8 111, 0 181, 8 681,
ὦ, 818,811.-111000., 8 818, 8 111-80..
81110 (1111110, 1000, 8 6³¹, ἢ V· 2⁶·
1100800101·

110101, 8181, 0100 011100, 1118.
8100101, 1011, 1101000100 800. (1011100, 8
80000111, saguntum (81000001), 000., 1

811118, 1811818, 118, 8018-801100111

110010001010, 100 1100100100 00111000

1000008 818,810,1111,118,8818;8011.

8. 1., 818, 811-810000011, 8 81111811,

1011 801000ου0, 1. 8001000, 8011, 810-

0100 1101 11010010 011000011, 8011011000,

8111, 8818.

800011, 11101010. 8101. (10, 8. 1., 110111·
001, 8001100001, 8118, 811, 188.

8001011111, 000., 8111.

801111,1000.,10 con. (10101.,1181.

8011111010 (ln textu 8011011011), P. 8011.
101. (10, 81110110,1108,888, 81.

80000, 80000 (81001), 000., 101, 88, 8), 81,
88, 80, 810, 8 111, 181, 181, affl. 11, 111, 8
111, 101, 181818, 11, 81, 118118, 111, 188,
181, 181-18,118,158.-0011. 8.1.,1 18, 8
18, 8181, 18, 118111, 181,188,181,1811100
8011, 1. 11011010, 810100.-810000110, 8
1353 1101100, 1. 8001110181100111·
01101011,1. 1100010101οί, 1100, 110101·
01101,1.11000001, uiduus, 11. 11000,
101010, 81100011011100 1101100.,1110,
1. 80011101, 8010001000. -110011101.
8.11. 1., 8111-1001010, 8.11.1.,1110;
0011001110, 1110, 811ος 8. 1001011818,
11ος 8. 1100110101, 811118. 11111, 10001010
10 domun, 8 118, 111, 118, 1101 8. 80111100·

-Ant, 110, Ο. P. 8111, 188.

80000001101101010111), 000. 80, 1. 80-
1010, 801000 1000010011, 881.

8000οω18000), 000. 1110000011, 1818, w.

8001001111010,11101,1. 1010111100, 8011.

8101101, 80101110, 00001101οηοι (8000-
n). 111.. ⁴ wem-ww. 1111111,
Ant„ 0010100.

81010 (80110), 000.,1881881, 8 181, 181,1
188, 588-801000000, 81010110, (1001111,
1 18,-8010101101, 1.11010110,Δ101.-
Templum 8. H. 0101111001 effi, 888.

8001000010 (S. severino), 000., 881, w,
81, 101.

800110100ιο (81010010), 000, 8881, 581,
ΜΜΜΜΜΜΜΜΜΜ
1811811181, 158151, 181, 111, 180, 110881,
518111111111111101011.
000000000-
coll. 0111001. 8101. 8.1.,1888,118, 181,

8018101100

 

