6444444444

3414444144. 6. 1.,14114114, m.

-S. 1., 4 11144444, 4441.

344444, 1144114, v. vernuy.

3444114444 (3441141, 444.. 4955.

1144444444, 444.. 4316.

34444, 644444 114444.. v. 34444444.

3444411. 444.. v. 34444144. χ

3441441441 3441444, 9414.. 0. Ρ.. 114444.
144. ot 0444..6 116.

34404444. 444.. v. 3444414441441.

34441444 (34444414). 444, 3 433-3444·
41441444 0. 6. 114. 44444 berytum, 3 463.

34444444, 444.. v. 14444114.

3444444404, 441. 1114.. serapt.. 4644.

344444144, 1444.. 0441. 1141444444 Gon·
41441444.. 1444144 941 1144 1114114404
Bon», 1144444 3444441144, 4 310, 931.

341444441444 1341444441,444., 9111.

344144, 14144.. 6. 1., 6366.

3444, Thoonem, 1444441.. 4945.

3444444134444441).1444.. 4444 444444 94-
444441, 4994.

34444416, 444.. v. Berytum.

314444411440444144, 34444144. 6444144.

3144441, 1444. 3441, 6. 1., 6 959.

314114 (34444), 444.,1 431. 9 396, 633, 641,
3 331. 433, 4 403, 463, 5114, 6101-0411,
quoddam, 4466, 46961041 0411. 6. 1., 9
613. 0413331319, 4336,4011.493,564.591,
6545, 546, 6 149, 649, 663,103.-114144441·
41.. 4 441.

3111111444. 444.. 6 141.

314444, v. 1114444.

31111444. 644414. 9163.

3111444. 444 . 1 133, 3 916, 916, 919331, 931.
311.335931,934,4906,310, 996, w, 6 6,
904. 916, 393. 3936361, 969, 314. 305, 33,
3111, 311, 313, 316. 393. 314, 331, 326-0411.
6. 1., 3 316, 935, 936, 4 915, 396, 999, 6 43,
311, 939, 993. 6 9611, 304, 313311, 393. 331,
331. 1144144, v. 341444, 146,-044444, 44-
4144 Dux. v. 1444, Pam 31444444, vs
11444, 3114454114.-04114444144,6 999, 6
305-1141444144 6. 3444441144, 44444 31-
114444, 6 331-644411444 6. 3441144144..
6316 -114444144, 6 uua-Xenodochium,
44444 coll„ 6 310.

31444, v. 1114144.

31444114, v. 34441114, 1141164444 14.

3111444, 444.. 1410. 9 601. 603605. 4 913, 6
565,534.-0411.6.1.,1591, 9 605. 1144144.
14414414, 141.. 1530, 53Ι; Templum, 1
519-114444144. S. 144.. 9 604.-Ρ4144
1144441414. 0. Ρ.. 9 004-144414414114
0. 6. Euam-Templum& 141.. 9603-

31151114 (0414144411. 444.,9 m, 4 433, 6

6444441444

INDEX GENERALIS

664

33,401,419.4 543,546.-344.144464441-
444144 441111.,4431;344144,41141,144.,

6111414144, 114. 6444441.. 344414414114 0.
04444.. 04144144, 6493

1111144444 (3111444), 444.. 9 91, w, m, 3
ammam& 93133318.
333, 341-346. 343. 493, 30, 416, 416411,
469, 461, 469. 490491. 431501.

-0411, s. J„ 9 933, 936. 3 3114611316,
333943116631139133131343. 4
43. 113. 481. ⁴⁸³2 434. 413. 433. 433. mm,
611-114444 01441, 6 346-144444144.
virginum «11444444», 6 466-14444144
S. 14416363. 34ος 6. 111414.. 6 461, 04·
111414.. 6313,3411,6436-11414.,991,93.
3 991. 301, 4 311, 399. w, 30. 43143
490- Xenodochium, 6 343. 341.

3144111444 (3144144). 4911.. 3 m.

3141,1444. 64444.. 114414 1114 44444114, 6

31414, 41144 61414, 6444141444, 0. 6 34..
6444114444 04444444444144. 644. mi·
444. 4 333.

31441114. 544444. 4913.

31444444144441444. 4644.

31414, 34444.,1144. 6. 1.,6912.

31441414 (14 textu 31441144), 1444. 34114..
6.1..9451. 490.6193,145.6131.16.

-6441144, 6. 1., 9 454, 6 199, 146, 154.

-Ρο14, Nic.. praecedent. 44144. 9454.

3141414444 (3141444441, 444.,1 65, m 9
36, 591, 3 93-1114444414. 1 ὦ, 191,9 91.-
1141444444116

614444444441144414444 11441411.

31441144. v. 31441414.

31444114. 444.. v. 11414414.

314444. v. 1114444.

3144444, 4444444 14 14114, 9 1115.

31414. 441.. 144444.. 3 150,4 13, 6 13.

31444131444 44131444), 341141.. 444141..
3 31 113, 909. 6 44.

-1444, 444141.. 3 36, 113. m. 644.

3144441444,144144434144444. 314.. 6 314.

3144144143144. (34441), 111146.. 14 344-
41114. 9364, 6463, 4 631, 6 151. 161.

31444444,Α41.,11144., 14 34441114, 3 Μ.
415. 4164034611, 6631. 631133.

3144141444.. 411444, 4 14

3141, P. 1444.. 41144 114444, 4444441144
9. 1444444 041414444, quandoque 411444
castellanus 114144, 3 45. 4 141, 151. 156,
663. 111. 61111, 119.

3144144,1.4144.,1.14144. 444 3441144. 444-
44414411 0. 6. Bou. 141144, 644. 4441444,
3911,316.Ν-961,4 mmmmm,
6439411.

 

