871

04440014,1040.04,0.1.,0001. ’

0400044040040004, 0.1.,1141, 0 m, 4
05, (0044401144) 0 000.

0444111, 0004044, 0. 0., 04444 00,, Peru· Ι
4004οι000. seu Gub..soe·71‚en8. “

0440010, 000, 1 001, 0 10.-4000100.,4. 0
0004110010004110). 11140. V

044001, 001110, 000101, 5 105.

044441101, 11100, 0401004001. S. 500144,
00000144. 5100, 0 101, 100, 101.

044414404,1040., 0110.

0444101, Ρ. 1040. 1101110,ιῦ1, 014, ΒΜ
001, 000, 511, 5100 190, w, 4100, 000,
1000001005 190, 000, 001, 001ος 0004-
00414 000100, 090010, 001.

0444101, 1³. 104000, 400101, 4 105, 5 Μ, Ι

04414004, Bora.. 00441040 000.,0 110.

04414100, 1040. 0401,114100. 10 00044014
0040010014. ·

-11401001000, 0.1., Fortunensis, 4500.

-044440,10014000401104, 0 150

0401400404, como· 00, 4104100, 401, 0

0401400040, 1040. 00,0.1.,000401011, 0
00, 4 401. “

040401004000, 000.,510. 00, 010.

04410114 (04011114), 00010, 1 00, 110,140, 144,
0000000000)
0104400, 100, 000, 00, 004, 000 00, 00, ⁴
00, 01, 00 00. a 0, 00, 00040000, '
Μ, 051, 011, 4 5, 001, 004, 410, 405, 400,
510, 5445005011110101, 500, 510, 5ῶ, 1
’0034504 0005101040. 400. 408. 109. ¹

-40004004(410040000044010), zn- ’
010004 (11000001ος 0110010044 04 04· ¹
00404, 00104010-0004441401110 (000044- Ι
14010 04 04411114), 0400 40044 00 0014400,
11000000 (1510005 011, 05ος Ejus uxor. k
4.10440,114014;1100 000444401114, 4. (
1100010044 04 0414440, 04000 01000400, 1
4. 0414400 01 4040001011404400414. 0

-0000400114104 (144 000000104οο4) 111.- Ῐ
1040404 00041111 regn. 4. 11004404, 401.
-000410014110 0. 0., 0111-1104, 4.
4100. X 01110 114001. 11 4110.

04410114 04104 (0441111414 01414), 4415,

-000410014 0. J.. 1 501, 500541, 510, 4 410,
010, 0 000, 010. 001, 441, 4004, 01410400,
mmmmmmfflmQ
510ῠο 0400410. 10040040. 410 5³⁹.
515, 5505000110, 00, 0 41, 10, 500, 511,
001, 010, 045, 000, 004. effi.

0441411401 Legio (04010140 1450), 11140.
044041 Q Rom. 1104010111.

INDEX GENERALIS

044104

044100404440014014, 000, 4. 0140144. .

044141140οι, Ρ. 1040., 4. 0101.

-14000041101110, 0. 1., emm.

0441000144, 000, 10 114114, 0 ’0.

040141110141144 10 004014, 0 150.

-001400004 00000144, 4 114.

040141110, 110001. (004000) 4 m

0441011100οω (castiglione 00110 01141404),
000, 0 145, 140-00001004 04, 4. Gonu·
04, 410044 10. 0000100.

04010110, 5404001. 00, 4 M, 10, w.

-04 0104 (10 10410 0441411040 11441014), 4

-10, S. 00100004οο, 000, 0 01.
0441011ὀο 00 444000144. 000, 4 019.

-001410404, 000, 0 001.

02811000 11441014, 000, 4. 04414110 00
0.

calanum 1404044 (04414100040), 000, 0

-Novum, 440 04440040 1104000, 11040011.

00401, 4. 11000044, 41440040 10. 1040.
-0- 0414410044, m 10 0040010 1Χο10014,

000141040, 14100, 400101, 410.

3 04410100040, 4. 0441411001104040.
044141400οο, 50004.,001.

04410144100, 1040., 11011040, 004. 4041000,
4000, 149, 400.

-50004, 1111004104 10110, 0 150, 150.

0441101140, 0414401, 0440 00 1140410400,
0 188„

castiglione, 000, 10 011. 0100441140, 1 m,
4 400.

-04114 01141404, 000, 4. 04410111οο00.

04011114, 41000014, 4100044, (1. 0. 1104100-
44441 41000044) 00, 4101, m.

-10001000,01.1,0004.

-Ρο10, 04, nm.

-84001104(040000)04,0.1., 004144 440·
0004100, 010104, 0 010, 4011.

-01 400400, 1040. 00, 000000444451.

04011110, Dr. 11104400, 141, nm. m, m,
010, 001, m.

-1400004 4000411004 041, 0444404040·
4140, 000. 4001004, 4011.

-0414 041, 1100401114, 000. 140100, 5010.

Ι 0440400100440000), opp.. 4100, 4 404,

041. 05010001, 011.-0011.00010141101140·
100, 0 011-1100441. 004041404400.. 0
04010100 (00 0001040), hubert.. 0. 1.,
1000100, 1 101.
044100, 000, 4. 11014014.
4. 1., 00001011, 4401, 414.
-004100 0410ιο11044, 1404
-4100.00,0.0.110., nr. 0410401104οᾼ

044144

 

