0000400

40, 4000, 4400,0 m 44οο0040044 0. Fruu-
04004, 4 04οῑ 0. 40000004, 0 044, 4000,
000 0. 14400404, 4 040, 0 040, 0. Putria
0000. 040040, 4 004-00000000400 lm·
000040040000001401001 noy», 4040 «404
4440004010, 4 001.

00001000, 04041400 000, 0 040.

00000 (00000 00 00004), 000, 4 400.

00000 00 0000, 000.,0. oxum.

Burgus, 000.. v. 00004.

-41040 00, 0. Ρ.. 4 000.

-140000100 00, 000404, ³ 000, 4 00. 000,
ΜΜΜΜΜΜΜΜΜ
0004, 400,000,040, 040, 044,0000,000,
000, 400.

-4000, 00, 0. 4., 000104, 4 00, 0 40.

0000000140 (1400000000), 000, 0 w, 0
044, 0 440, 40,-000 00, 4000. «0000
PONO, ι 12·

000000, 400, v. 00000.

0000040000 (000040440οο), opp„ 4 000.

000000, 44000010 00, 0004000104, (40400000,
440.

0000000000, 000.. v. 04100 00040.

00040, 000, v. 00040.

00040001110000, 40000400040 0014. «Du
40010 unguen, 0440 000400 0140 0001]-
de», 4000.,4091. ,

000040οι0, De, 000400, 0 004.

0001000040, Ρ. 0000040000οι 00, 00040·
4040οι ingreditur, 26013 0. 0000040000
0000100 0001440400, 000, 004, 011, 044, 4
040, 040, 040, 040, 040, 040, 040, 00004.
044, 404, 4 004, 0040 descriptionem 404004
00440014 0000010040 40044, 404, 400, 444,
44ος 4410. 4400004004 0000400 (4000400000,
400400, 003; protensionem 0014441, 001,
000, 000 44οε40400 0004440000 04 000400
0000000040 0000100, 000, 000, 0 400, 444-
400, 404, 400-404, 40ος 00044000 000040010-
140, 040, 000, 040004, 004, 040, 00ος 00004
00004040 collegio 000000 01444, 004, 004,
000, 0 40, 00, 40, 044, 040, 040, 040, 004004,
004, 000, 000, 000, 040, 040044000οὓ
004, ⁰95, 000, ’400; 00 00000 Ρ. nutu. 00·
04000040, 400400.

-1000 00, 0. 4., 40 4040400. 010000, 4
044, 0 444.

· 000400, 0004100 04010, 044.

00410004, Hier.. 140. 0000000, 0 oe.

00440000, 00000. christoph.. 000404, 4
000, 001, 0 040.

ι 004000, 00000400 (Gom) 00, 4 000.

-400000 00, 4044.

004000, 14004, v. 0000000.

Buxentum, Pyxus (0044000400), 000.,4
000, 0100, 040,-1440000040, 40,-001000-

0000400

INDEX GENERALIS

8⁶⁶

000, 4400000000, 444001. 440000. 00, 4
Εἴθὶῦῃ 'mo Ant· “5 0· s· ho.. m.
0000140, 4000, 0. 4., 4000.

Byzantium. οο0.,0.0000400440000140.

00004100, 1440000000, 0. 4., 00000000, 4
(40ῗῖ000400, donus 00000 moun, 1 00,
&mmmmm (Diumdomorlpt.⁸
48411οῗ0000, 000404, 4 40, 0 044, 0 000, 0
(401Ξο 40 vm. 400, lm.
-04000000, 4 044.
-00000.,00100440.140., 4 lm, 040, 045.
000001,140000.,0.4.,10 10040, ml, 0404.
-Geuug,⁸ xll 400400 0000000400, 4 400,
400, 404, 444, 441.
00006, Ρ. Aut„ 000440, 000104, 4010, 044.
0000000, 40 textu 0000000, 4410000,,4 020,
-331 00, 0. 4., 40400000, 4 044, 000-
44000010 4104001400, m.
-400000000, 00400, 000404, 4444, m,
400, 004, w, 040. 440.
-04 41000040, 44000 00, 00040 40 4404400
00 44100000 uxor, tw.
000010ιο1004 40440, 0000040004, 000, 4
effren. 000, v. (40004410 (400400.
-14440000 00, 000400 0. 1000444 40 0100, 4
300ζο 0. 1000444 40010110, 4 00.

'ctum 000, v. 00000.

00004110 omn, 001400 (0400000), 000.,4
404, 4040.

(400000, 0., 00000400, 4 400, 104.

-Autuutuu¹ 100, 0 104.

&augusta (00000000), 000, 4 m, 00,
404, 044400, 000, 040. 040, 040, 444440, 4 4,
90 1ωο ῘΜι ³¹⁸2 8140 846ι 'mu σω0 m
0000004400040, 044, 004, 4 0, 40.
Qmmmmwmmm
mfflffimmfflmmmffl
001,004-000,Μ, 400444, 444, 404, 004, 0
400, 000. 010, 014, w, 000, 000, 004004,
044044, 000, 004, 000, 004, 00-400404004·
000000, v. Aruguu, 44040, 4044 14. 000·
040.

(4011. 0. 4., 4 440, w, 040, 040, 440, 4
0, 400, 104, suu-m, 404, 004. 040044, 0
004000, 4040, 041, Sum, 040, 040, 044,
⁴8⁴, 4440314. mmm, 404 404, 400.
e 001, 004, 040, 044; 000400, v. 00100,
1400000 440040, 4100000005 ’4001000

 

