⁸⁶9

INDEX GENERALIS

00101110

0010180, 101,, 11010810 80 1001080110, 0 0018000, 81 8101, 8010880 0018000, 001
-ffiffi', 001111 80, 01000, 00101,1100. 0

-0010100, 0018 8110011000, 0 Β, ω. 881,
8001 81000100 08 8100001 0011.,181.
-8000. .. 001000 8010010110, 0108, 18, m,
108818801081008000111000, 0 81, 08,

-8000 0011.. 1100001. Δ10810010000110 01
0018, «88001100000180 810100, 0. 000-
111018.

-8000 8801000, 0 108,1 180.

-81110001100, 1100001. 11011800 010018..
m. 0 88.

00101000, 000.. 0808.

0010000, 1810000100, 001101.. 010, 0188,
018, 0088.

0010010οι (0010100001). 8080000, 8. 8.,
1000101080,οΕ,108101110

00180000, 80101100, 0118.

0018010001008, 8010000111.

01180000 01 80180, 1108.. 010100 80 10
000810 801 1000110, 1888, 818.

-01 80180, 80011, vu 000100 80 10 000810
801 11000110, 8 818.

-01 8018010110 80. 8 818.

Δ-01010111, 1110001000, 8 818.

-0100100, 001801100, 8818.

-0100100, 8111001000 8001011180, 8 818.

-11011010010081110, 11180000 110, 8818.

-010008000,801001810111, 111101 80 810·
000801 11010810 80 810110. 010100 110-
001100, 801080 Valentino, 0 018188, 818,
10,808,0011,818,088,1811,188,0 w,
011, 880. 0808. 081 8800 uxor, 0. 180100-
00, 1111008011.

-018010000, 80100181000, 11 11010810 80
81080, 010000800110 11100, 0088.

-01888100, 0880000, 8818.

-01188100, 800001, 1118.

-01888100,80111001800, 1818.

0018101, 1101000 10001110, 1 m.

0018011, 11010100, v. 00180100.

0018000, 81108. 80, 0180.

-1000 80, 0010811080 111000 uxor‚111>u·
010 80 00180110 1110, 0818.

-(0·101001. 010 0801080), 0180000 80, 8

-800000 80, 001001100, 8 881.

-8000000 80, 8010100000. 1101000000, 8

-1v 000100 80, 00108, 800000 088.

488111108ηο 80, 0. 80808 01 0018000,
800000, 811110 0011100,0.110110,11011.

-11001000 80. 1100111110 80 lm, 810001·
mm. .

8111.. 8108 08188800 0001 v. 81000100,
8001110

0018000. 8001101000, 8. 8., 8818, 0 810.
-008 0018010, 00010. ., 001101..1188. e
000810010ηο 8.,10 0800100001 10·
18100.0100100,1881; 10 1081001011ηοιο
’88,880.

00180100, 8100100, 0 88.

-111110100, 0. 8., 1100, 00801, 101, 810, 18,
188, 818, 801,808.818,08,00,088.

00100100 1001 (00101101 101 00100010),
11110 01000 8101001100, 1010.

corrasam, 001 0018100000. 010110οί0. 1
1011080008811881001. 181. ³ 0).
110188181110.

0011011 101100 081011010000011 8111011100, 0
188, 181, 188, 1 018, 818808. 801-0811-
0000οη01800, 8000000 80 ethanim.

0011080ου01, (001100000101110 01000
11000.,0800,081,”8,8118,118.118,081,

001101810 (1100101800), 10 10010 0110110110,
10010, 0181.-01000001100,0 811.

-0011.8.8.,088,0118, 0 88, 188; 001000
010001.,0188.

0011100010, 0011100, 00018010 0801110110
(80·0801111001-801101000,οη.

00110008 (10 10010 081110101), 01. 801001-
8100080, 0881, 1180.

00111, P. 8001.,001101.010.

0010001010οι 0011010110,1081,880.-
01101, 11100000,1Ὴ,001-0100111010110,
111 1001110,1 w, 081,Ἇο
18100000, m.

0010110010, 0. 8000. 8001.. 0088, 0 w.

0010101001ωο00), 000.,0188.

00100, 1181101800, 8 88

0011101100. 1101011101, 000. 1001081101, 1
1810 1880100 1100101, 01888, 1888, 081081,
Q 01 010001οο00, 8 Ἢ, 081, 108180-
01001 00011. 11, 18, 801 8101001100, 81,
ὣς 01080001000111 10011 1100100180 10
0001001 010008. 0010010800 10111800.
01101101, 8, 18, 88, mm 8101001100

-01001100,

00100101. 101 1110000οι 80.,801.00,8,
08808110 808100 0010110101 10100181·
0010 101111. 8111 00001. 810818, 081. π,
08000. 008, ’188, 0 18. 18. 10, 181, 7188101
00010001,881·Ὴ,Ὴ,801·Ὴ,808,Ὴ.

0010100111 8018001 (0111008). 000.. 0181.

0010011, 0. 1100010000800. 0110111110
88010108), 001101, 0 w.

0010100, 10011100 11081800, 1 118, 0 m.
-180110100000, 80001110, 1808.

. -8810001100000,081110011118100, 0 081.

0010100

 

