941

441 mm 444444 14 1444441444, ul
utrumque conum 44444 computum 44·
mn, 44444 parm 4444441444).

14444,0444141144144141414 cum, 114444,

-044414144444144141414444,11444..1541.

pergola, 11444141. 14114, 0. 1144. convent..
1441444111.

unguen, opp.. v. 1414441144.

144444544444,444414414514411144,1 111,
561), oel, 141-044. , 1 111, lm, 116, 111,
125, m, 411), 682.

1444444, 844, 114444444, 1111.

1144444444, v. 1444414.

Perat. ¹¹²8· 8414, Soc. nutum 211, 111,
411, w.

hminum. 1441414444 (Porum). 1³.
1444, monnau, mynipono, 11114444,
Ombrion, 1648, 1 114, 414, 415, 4511,
5511, 515, 1114, 115, 121, 18.

1441344444 (1444414444), opp.. 4 811.

1444444444 ominoso, 441.. Tarauna.
vol mutin. 44 4141441144. 114,, 1 151,
25³, 214, mm. 811, 4451, 441.

1444444114 4144444114, Ant.. 1444144144.
114,(144414 v‚1mp. 4 4444414118, 468,
411, cml. Gnnvelltnm, 4 448444, 458,
454, 451, 462.

-de (144444114,111441.,1444141’, Imp„ 4
44444414, 441441144444,111

1444414, provinciam 1434444444

1444141444114444314, 1411, 4441 112,
158, 151, 111, 1 411, 481, 5 mengun. 1
154ς Rex damma.» 1 158.

Pomm 51444, 1 481.

1444444, Ρ. (14411441444, conchae, 41 411-
514144144441441111,111, 4411, 418, 468,
5444, 446, 5 511, 611.

14444444, P. 1444, nupt„ 1144445511.

1414414, Petusium (Porum), opp„ 1 111,
121, 1211 111, 181, 481, 412, 414, 418, 441,
444, 441. 45151415, 18. 211 1114144-
41,51,52,5456,11,11.11,4 5, 8, 14, 112,
111, 141, 145, 141151, 166, 51, 41, 8211, 61·
11,111,184,114,141,18,111,111111114-
111, 121, 114, 155-45544 Momm. 8.
144410. 5. 1144.,1441.

Ι-1411, 1.1.,1221,1411, 412, 48141, 454,
51141, 4441, 41, 5156, 4 145141, 151, 156-
158, 551, 141, 11, 111,111,111,115,111111;
1144444, v. 1444444444, 1144444144.-
111444, 561.-114.,ν. corneus, 11414144,
11. Hippolytum 1144444111,14444., 1
111, 121.-(141). 4441441434144, v. 04441·
11, 'nomm Rome, 1444444 11444144,

14444, 1114114 444441410444111, 5 118,
114, 111, 121.

INDEX GENERALIS

141444

1444414, 1144414411 1144451411444.. 4 114;
14114444144441441 (14114 Brun, 0. ca·
44414144, 515.-114ε4444,45114114, pro·
pe 14444144, 5 11.-5441444. clericor„
145, 41,-14441441. 11. V.. 4151 14-
14414, 4 141, 8 61 5. Laurentii. 4 lm,
114111-11414, 1 418, 5 111,-11444144
444 144441444444, 1 11, 1 41415, m·
441,141,4151,52-55,4 14, 146, 141, 158-
151, 1584 v. 0114414444 04441141, 141144,
1121511.

Perusino, 0444144114414, script, 4 155.

1444414(1444),1111 (erratum pro mu).
1451, 451, 4611,111,5411,111,1115,
581, 118, 628, 848, 111,-1454114144, Pi·
44444, 144444, 1 111-144444, v. 4144444
de Tuledo, Frumz 14444, Pom 114444-
14 de 14441444, Andr.

Pervotum (14444414), opp„ 4 2811410118,
155115.

pomo, opp., v. 11444444.

1444444414 textu 1444444144, ort 444
144414404444141, 1 141,141, 141, 416,
414, 158, w, 1481, 56111111, 181.

14444441, chrisum. 414144.,444144.,4

pesquera, 1444411144. 444144 44 4441444
11444144, totuin. (1144444414), 4 111.-
11444141441444, 444354, 114414, 1 111, 5

-14 44414 Pachom, 114444. (14, 4115, 1

-14444414414, 1411144141, 4 m.

14444444, 144444, pom. 3156.

Petrum, P. 1444. 141441,14444411, 5 111,
111, 4 111161, 111, 5 115.

14441, Sancti, 4414144, 444 colneium 51
virorum 4444414144444 5. Petri 444111-
eam 1144444, 5 154.

1414445144, 1414444144, maeotium
(1444444ι),ορρ.,4 11.-(14444411 1444-
4411111.

Petronio, Alexander„ 511, 4144. de clvi·
4414 44444, 8 15, 81.

-14 5. 1. 41414444 1444411, 4 145, 541, 11.

1444444111, 11444411444, S. 1.,14444441,

-14441, 5, 141141, 5111, 114118, 4 184,
118, 5 115, 141, 611, 110, 111, 5414, 565.

-5. 1.,04144144.,1144444, 8 841.

-1111, Conni Rex, 4111.

-8, 1., (141144, 1141441144, 1146.

-1444144414, 1. 1., 4141445111.

4111444444. 1141444444, 5111.

-1141144144, s. 1., 111444441145.

4444.. 4182, w.

-44444464441141414, 5 451.

144444

 

