8616, 16661166 16116, 11166166. Ep„ 816-
61666 promtus, 8881, 881, 888

86161616111μ. 8616661161.

8611666, indunt 66 Eup. 6111611111, 1
181186.

81116616 818661161616 (8186666611616,

81161, 1611166666, 8116.

-Δ111161116,1.1161166111611111666,81·ι66.

-1666, 160. 8., 166116 «163. 06661161.»
616161, 8188. ,

sulm, Α1681.,0. 8., 818.

-1616, 116, 1611666. 1166 1111611666.,161·
1616611116 1616666161 1611666. (16
1186116616 tutu 1166611666) 11611166,

-1666 116,16 86161116, christinam dux
16116 06116161, 8181.

-161116 (168181.

-111166116166, 8. J .‚ Burnum, 0661116,
Valentino, 1118, 8161 060111166166661,6
811, 8 8881 cordubae. 8 816, 1 118111,
01161116, 8166166116 6666116161, 8 808,
811ς11616166,6Μ.

-8.1.,06661611,1101.

-61016116, 16061. 116, script„ 1 Ur 810,
118, 181, 188, 8801.

-11611666611,1611. 16, script, 1 818, 818.

86166116, 11111106, 8110.

-1666.116,188).

-16116 de, 18111.

8611166111, 061666 (16, 8 m

8616111616 (8616166), opp„ 8 w, 1 lm
818-81111166, 1. 0611116161 1168111111,
111. 066616 861166686111611, 11881161·
166,1.6161.,8,888;111661661161, 8 816.
-0611.8.1.,8 111-11166661, 8161616-
1166, 8611116, 8881

8111661, opp.. 8 601, 8 818-06661 (16,8
861; 111 06661, 8116166161611111661166·
do, (161666 (861616), 8811.

-Ρ.1)1·. 1111611616, compluti, 8 ω, 886,
1101, 8 881, 8 6181 81166611661111, 118,
8118, 168, 181110, 8 611611.

861116613661811118613), opp.‚ 1188-11·
61166116666161,1 118-116111661666661,
v. 81611661, 8111111116 ⁰⁸¹5 1111666616,
111611. 6, 8 11118166.

8611666861, opp„ v. 81116616.

86116, wolfgangus 166, 1116161166. 666
16161166.116.,1111,181,01118881,8110,
6011611, 188881110.

- 861666116618111616661666, mdo, 11,

160,110,201,188,810,818,811,Ὴ,128110,

181, 8118, 86, 108108, 111, 111, 1161181111,

1181811116, 818, 88881810, 811, 608611,

831, 111, 11666, 161, 111,111,111,111,111,
a

INDEX GENERALIS

881

mmmmmmm. ⁸¹02
8118118185888, 181, w, 1 ἢ, 881,
mQQffimmmmfflffl
108, 1711811188, 1881111188, 801, 888,
881, 8 6, 88. w. 110111, mm, 111,188,
818, 811, 810, 811, 881, 881, 6 818181, w.
mmmffimefflm
8616161161. 0611116161 8. 811116166ιά
11616316 616168 1 mxu 8111, 8 681-0611,
8.1.,11108]0,Μ,118,111,188,181,85,
88, 101, 110, m, 818, 818, 816, 818, 611618-
811, 681818, 6188801,·816,181,101, 1 8,
811880881818351881451181481411.
881,8 1111118116, 1111110, 161, 811, 818,
860, 8688ῶ,ᾰ1,628,ῶ1,ωὶ1116166161161
811111,1.611116111, hartheim 861·
111 (11166 161161,161.161),.1616.;161111,
111611, superintendens, v. 08116111, Ant.
-Dioee., 1 811,-86, 1. 061116 meu,
1611111161111116116 Lm, 11166-1666-
1161161 conversat„ 1 181, m, 0. 8., 8.
81668161,18,181,111,1ω1,881,8 1111
0. 8. Aug„ 8 111, 8 801-01111611616
8. Polum, 16 0611. 8. 1., 1 888-866161
0611. 11116111, R 8111116166. «m 111616·
6881 0611. 016166,,11181-’1666161 0·-
111611.,1185;8. 161,, 1 8111 8. Aug„ 8
611, 8. 86661.. 88811 8111116111181
8. 1111116111181818818, 810.
-0611.,1611,161,111,888,1818. 811, 810,
611, 611616, 1181, 818, 81181818, 110,
111, 118, 111, 818, 8 868, 8111 mum..
06116661, 1666, 8 888, 8 1181 M.
16116116, 1188, 1661161 111 81111166. 11 61
nd 8661. 8661, (86116, 1616, 8 1181 n·-
6161, 8 8011 1. 0616686, 1611 11161161
16 86661661, nidum, 1 m.
-111661161 1111116661, 1. 116111, 1166611161.
-11611161 81161110. 8.,188
86166116,11166., 1. 8611666611.
86166166, 8. 1166661111, 81666116 Pul·
1111 6111116161, 1ζ18, 16661161 11, 81, 86, ‘m
1161666, 8188, 181 16661161. 81, 11661616
0616611161,60;,81666611161,61;1166661616,
61; 11616116, 61, 81, 80, 811 16 1118116116,
86116 (11111616 61 nomm, 91. 11611666,
memmmffiffiffl
111616,11111661616, 111, 118118, 181,
1111, 111, 86666166, 81111166, 118118,
118,111,116,1111“16611161,16166116,818·
111, 881, 811, 616161, Beuum, 8616161·
1616, 8611611116, monaulum. 101-116,
111, 1800881868, 661 16166616, 68, 68,
11,11, 161880186666, 1811181 116666·
116, 181, 1681 nomm, 168, Anubim, Ἴ
111, 111; 1161661116111166166,118,811,

 

