9³5

01111, 1111.. 01111111 111111 111111, lma

-111111, 1 111.

-111111,1111111111. (11118111111, 1111.

-111111, 111111111111 Pom 111 1.111,1 811.

-111111,1111 1111111 1111111 1111111111,

-111, 111111, 811. 111111, ί 81, 88, 81, 81,
88, 88, 88, 88, 118, ί’11; 1811, 811, 818, 8

-11111111, 111111, 1111111.

-de 811111, 0181111, 1511.

-11Ζ1111ι,1111.,1881.

-11 111111 8111111, scripu, 8181181

(11111, lgm, 8. 1., 0111111111, am

0111111, 1. 111111 11111.

011111 (0111111111), 1111198.

0111 1111111111111111111111, 1. Aeu-
1111, 181,-1111111. 8111111111118111·
11111, 1111111111, 8811.

01111, 1. 1111111

011111, 1111111181, Siclliae 1111111111,
811. 1111111, 1818, 888, 818, 811, 881118,
mm 8888181181, m, m, 115, 8
18, 88, 5188 1111 11111 1111 11 elogium,
818, 11, 8 881.

-111111 11111. 11, 1111111111 111111111,

-11111, 8111111111 Episcopus, 111111, 1
888, 8 188, 8881.

-Po lgna, ι m

-81 81111, 1111, 0. 8111111111 81111,
1111111111 11111111 11111111 8111111111·
11118. 1111111111,1111111111. 8. 1111111111
11 1111111,8 181,888,811,888,881,81111·
1811111181 8818, 881, 118.

-11 1111111111 111811.,11111111111181
1111111111, 1511.

-7111111 8111111811, 1111111111, 1811.

011111, 111 eom· 11, 1111111111 111111·
111,011111,8818;11,1.1111111811 1111·
11111, 1111.; 81111111, 1. 111111111
111381, 111111.

01111, 111, 8 118.

01111, 111, Ι 881, 1 18-111111111 do,
’111111 (11181, 1111.. 118, 118-011111·
11111,1188,118, em

01181, 11111 111, 1 811.

0111111 (011111), 11111811, 8. 1. 11118181·

-1.11111.,1111111,188,118, m 818, 1111·
1111111, 81111111111111111,881·1811.1ι8
118,811,811;111111111,Ι1ω.188,8 18, 18,
118, 188188, 181. w. 118, 881, 811, 1181,
181, 108811, 8111, lm, 188, 181, 181, 818,
811, 8188118811.

othelmum, opp.. Ι 711.

0111,111111111, scripu, 8 180.

INDEX GENERALIS

8111111

0111111, 1111, 1111111111111, 1111111,
1111111, S. 1., 888, ῶ, 8111, 181.

0111 (1111111111), 8111111111, 10111 Leo· .
8111111· 1111111, 8. 1., 8181·Β8,188,8
w 11111 1111118ηῆ

0111111111, 111110111111111, Ρ. 1111. 11·,
1111111118.

011111, 1111.. 11111111, 1111111111111 111-
1111118818, 118.

ovetum, 111111 11111111 (0111811111,
11 881-0111. 8. 1., 1881.-111.,111111,
Dr. 1111. 11, 81’18; 1. 811111181181111,
christoph—viarius, 8808.

0111111 11111, Publius, 11111, 8 181

011111, P. Andr. 11, 8111111111 ingredi·
1111111111, 1111111111111, Lennium
1111 1111111111,1111181111,1111111111,
1111111111111181 1111111111, onn-
111111, 188, 181, mm, 888, 881, 811, 818,
1118, 111 1111111111111. 11111111, 818;
(11181111 11111, 8110181111 11 11111.
1111111, 818811, 818, 818ς1111111111111 11-
111,811,188111,118. 1111 1111111111 11·
11111, nomm 1118111111, fl 10, ίί;
0118111 01111111111.1111111, 81, 88,
188, 181, 188, 188 ’11111 1111111 11 urbe.
188111111111111111111, 1111111 nector,
181, 118, 111, 818818, 8 18, 11811, lae,
⁴1⁵3 8111111111 1111111111 11 1111111111
11111111111 1111111111 1111111111, 18,
1111118 18111111, 11111111 1111111, (11-
1188818, 188, 118, 111, 118, 188 180, 181,
lffi. 188, 188. 810, w. mm 11111 811·
111, 188; complutum, 111, 1118185818
8, ’1, 88, ulyssiponem, 818111, 888, 888
818, 1111111111 1111111111 1111111111-
tan„ 888811, 8 11·18,18, 181; 111 8111·
1111111 11111. 1111111111, 111-188, 188ς 1111
ln 11111111, 118-718,188,181, 188185.

01118111, 1111111111 Rex, 8 111, 4818,
818, 8 181.

811110111181111 11 01111), opp.. 8
811,-1111111111. 0. 8. 11111, 8 111.

oxonium (011111), 1111, 8 881.

0111311111, 111111 1111111111 (11, 1811.

01111, 1111111111. Ο. coelestium.. 111111
1111111 8. 1., 11 8111111111, 8 81, 888881,
m, πυ m. m

oynu. 1. 0811.

-11111, 811.. 1111111111, ί 518.

011111, 111111 de 1 888- 01111111 11,
1. 11111 81011111111311, 8111111111.

811111, 8111111111, 1. 1111111.
81111111, 11111111, 1111111. 81111111 11-
-mnfflom (1118 ., 8 811, 818.

8881881

 

