9441411

44, 4 12 8. 1144114444,141,42,41,41814
8. 1., 444144 «114141 414 (1144444141419,
⁸ ΒΘΗ1 m· mv mv w· momla
19, 218, 291, 298, m. 811, 4 5, 818, 911,
122, 9218811181, 4192982118, 881,
941, 818, 448, 418, 419, 488, 492 11144 114·
4444, 4. 114441, 9444444144, sup. 9444444
4. 91414, 1444. namq coll. 8444441444,

9441411, 1114444414, 4 mm Episcopus, v.
841144,194414441444.-1)44444 944144444.
8. 1.,12914-11444410. 9., 1 41.-944·
411441144144, 41144444, 1444, 4829.-
84444144, 4288, 299, m, m, 291, 4 819.-
Templa B. V. 1144144 14 114414 114414·
4444, 119, 421, (3441444444, 1924 8.
Aegiali. 5991, 4 489, 8. 84411441, 4 ὓς
8. Gem⁸n1‚2294‚58ae,0 418, 411, 4814
4.(14444411,4811,44Π;8. 14414 m,
4481, 8.844441441191;8.84141411,4829;
88. 044444419441441,192, 199, 8 m.
48111981, 4411.

-41441444444, 44, 4444, 44, 44, 444, 44,
141, 142, 282,41’1,1292,224,218,811,189,
242, w, ww, 291, 299, 4291. 519, 4
11, 12, ΞΜ, 181, 4 284 11444444 944411.
14441, v. 01444, 1414414441441144144,
1144444444, (11444144, 4 821, {ra-vla·
4144, 4 471.-Χ4441444144 8. 144411,

pm 09944 w), U, 8³1 ὢν ω4 ων mv mn
114,288,499,418, 481111, 181, 422419,
19118, 1814141499, 94, 1914291299,
299241-(1411. 4411144. 8, 1., 1199, 591,
4144, 4 285, 219, 249-11441444, 4. 1144·
444114 414 4441414 4144 144144 41441444,
4419, Dux, v. 9444441444, 04144144-114·
4441 convertur.. 1498.-94144444,.4.
114414, 14411. 1441444-1444144 114·
44441. (1444444444, 1411-91444144149,
1419.-91441444144,1121.

94444, 144, v. 944444.

94444, 9. 9414, ex opp. 1414414 941441144,
1121, ῶΙς 8444144,4818,811;941441144,
tw, 4191.

-9. Dr. 9414. 414, ox 8441444444 84444444

414, 4 Μ.

94444414,9.,14441441444944444,1Μ1,ὤ1.

94444, 814144 Bam.. 444141, 441.

944444114 (441 9444444114) 9., 4414144444,
14 1414144144 4441144144,4171,181,182,
4891444444 ludium 44414444, murn-
gu. 4141144 4444114114 144444 pom, 149,
4144, 4819.

9444144114, 8444144, 4 19.

9444441, 1141144444044414144. 04114411,
«rrum» 14441, 4412.

9441411

INDEX GENERALIS

9³8

94444144, 814414.,444141,4ῶ.

9444441444, Huc. 1444. nupt.. 844444444,
Q 181.

94444414, 9414414, namuurum (9444441,
444.,1 188, 1181, tw. 2111411, 411.-
1114444414, 1191, 4 911-1141444444, 4.
914444, waltemus, 4 298, 4 119, 4.
8414491411444444.

9444141, 94444414, 9., 411.

944414, P. 8444444121, effi, 81.

9444114444, 9. ’1444441411441444444 'rho-
mu), 14 1444144.4441144144,4 514, 171,
48184 14 14411. 4411444144, 899, 811.

941441 (4194941444, 14 14414 941444), 44-
gnum, Β 'm' qu·

-444.,4118.-9444144144, 4118-1144, 4

9414414, opp„ 4. 94444414.

9414414444, 11414444, 8. 1., m.

9414414444, 9., 4. 1444441144, 9. 1444.

94144144 1944444, opp„ 45, 21, Β, 111,
129,191,141, 119, 1119111, 182, 2111212112,
ΜΜΜΜΜΜΜΜΜΜ
18,11,22, 82, 14, 1889, 4181181. 121,
219, 219, 211, 211, 218, 41944, m 481481,
482492, 1824199, 111118. 1111111. 41,
114, 119121, 121, 194, 41111114, 151.
119191, 119, 111, 412, m, w. wm-
211, w, 818, 899, 491.

-0411, 8. 1., 1191, 1411491121149),
291212, 215,411,419,189,84,211,214, 211,
211, 411, 411, 411, mm, 4811, 199, 4 191·
112, 182, 4 92, 119, 1211211914151152.
189, 182181, 112, 411. m Μ Β,
289, 1144144, 4. 9444144, 444441444444,
144484414114414111, 1114141448444414·
14441444, 4. 114141, 944444.

-84144441 nummus, 1 42-11444414
4144 convertur„ 1 412, 1 119, 41818.
1141114144, 4 119,-9414441444 14414414-
run, vulgo 94414444 1144444444, 1
112, 141, 112, 211-24441444 8. 1144144
11431.,118.-811414.,198, 1 m, 4 81.

941444, regn. 41 opp.. v. 941441.

94144444, opp„ 4481.

94444144119414441444104444, 4. Luco.
1144114144, 1 111, 4 811.

94144, 444, 14444 14 84441114, 4411. ’

9414144441, 9. 1444414. macrim& 10,
219, 2114128, 448841, 594191.

94111, opp„ 4. 944144.

9414,1444144,9144444., 14 coll. (1444..
429122.

94414144, 9144441144, 844. (141144, 4 844.
4114441111 112, 111121, 1114, 91.

94411444,1144441414944444114,94441. 4144-
414 41411144, 1 198, 191.

 

