Tyn!
1111111, 41111101-0100 1.,4111.

-07110111, 4110.
11111, 1111111111, v. 011111.
111111, 111. 11 11111111, 1011.

111101,111., 1010.

011111, 01111111, 011, 1111111111,4101,100

051111151111,15111111, v. 011111151111.

11111111,01111111111111111), opp. 01111111.
0.1110111110..11111101 01111101.

1111111, 01111101, 150).

·-.1111. 01,1501.

-51111111111101,1411.

Uzentum, 01111111 11131111). opp. 111,, v.
111111111111011111.

11111101, 111011, 111111, 1111450141,
1114, 440, 441, 401,155,50,01,105,1111,1
001011010111145100

1111111011. 01110111, 1111111101. 1111·
11111111,101, 11111111 010. 1111111,
149, 101, 110, 405, 4001501000, 11111
11111, 11010, 1111110111, 1111111111,
115, 211, 411, 410, 411410, 40, ma 0, 11
01110111, 10,111, 0111111111, 111, 110,
1111111, 111, 115, 1111111111, 111, 11 Mon·
1111 Regum 01111111, 115, 100, 10 vn·
111 1111 11111111, 000, 4 010, 1111111
104, 1111111111 111111111111, 1 40, 218,
mmmm

unedoni (11 11111 0111111111, 11111111·

1111, 0111011111, 11110111111,0111- ,

1111, 1111111111, 0110111111), 1111101-
1111111111. 1111111111, 511. 111111, 1
111, 011, m, 1011, Μ4401,404·410,1
40,440,0 w, 1110111111 0111. 0. 1. lu-
1111111, 1110501501, 50.

111111, 111111 01, 4 ’.Β-0111 111111, v.
Bm, potr·

-11111111111 01, Rom [ugolntndlum 1111·
1111, 1 Μ.

1111110111111111,11111101111),111., 1 w,
1411.

011111111111,111.,1. 1111111111 11111111.

01111111, 0111111111, 0011111111511),
111,,111, 0101, 01100110, 104, 119,144,
145. 105. 0115011100010010000.
040, 040, 050, 441, 40], 1 0, 1151011410,
011.110.0151111.011,0111.0851001.088.
mmmwmmmmma
10, 1040111150, 000, 011, 011, 001101, 401,
401, 410, 410, 415, 410, 00411415, 401, 410
m. 440, 450451, 414, 415,4 1,5,14, 15,
1414, 500, 511, 511115, 511100, 101, 50541,
140, 05541, 551510, 555, 500, 501, 510, 511,
199, 044, 1 5, 550, 501, 501. 50050511,
510, 101501, 101,.’191-500, 511, 501010, 000,
014, 000, w, 011, 011, 011, 014, 001, 040,

INDEX GENERALIS

970

041, 110, 140110, 111. 119, 111, 101, 101,
ΜΜΜΜἮη,

olympo, 11111111, v. 11111111101111 141·
11111,111011.-010. 0. 111110, M, 1
101,010,004,ω,100,1010,004, 005, 401,
401410, 404, 401141, 511, 51051105. 111·
wimt mmvfflu wvbfflvbfflosffl!
500501, 5015119010, 100114, 10100,
141, 140, 011111, 101111011111011-
11111, 1111111111, 1111111011, 111511111-

1 moneo-mm.

-011111111111111.,1441, 1 100, ³⁵⁰. ⁰²⁶3
protutor. 0.1., 0. 011111, 1 Μ, 1 Μ,
4004011400, 404,45,110,101,01·504 501,
540, 511, 541, 551, 550, w, 1 11055150,
111, 511, 590, 001, 010, 1 41, ‘lm—ww,
141,144,150,019,1111111111111, v. 01111111,
0110011111, 111, 0110110111-011·
11011. 0. 1111111, 1405-11111111111, 111-
1101, 01111111, 5 500.

-111111111111 1411111011, 0. 011.. 1 511,
0. 0. 11111, 11111111.,1110,50,0.Α11.
001111111111105.-1111111101111011-
11, 1404, 011111 1111411111, 0 1., 1 401-
100,1101·11,111,11111,·ω,111,151, 0.
111,,010. S. 1., 1104, 1151, 010, 1 101,
011004,1001,401,410,4111, 541, 1550,
000, 0. 5111111. «dt 1110117111 1111, 00.
111111, 1 500.

011111, ungoru. 11111, v. 1111111111.

1111111111. 111011.,11111111,1110.

11111, 01111111 1111111111, 1514.

Unuca, 1111, 1505.

01111111, 5.1., 11111111, 1111111, 1 040

-11111, 0111,1551, 1005.

015111, 111. 01,10. 1. 1111011, 4 210.

1111111111 (1111111), 111.,1444.-0111,111·
111 01111 011111,0111011111011,501, 1
11, 10111 11111, 11111111, 11111111, 0 04,
115,-1111111111,11111101111011111111-
1111, 140, 1111111, 11101111.

01111111110111111),111., 1005, 111 111·
11 10111011111 01101 11111011 m.

01111, lv (11111101, 1101101151,1111.,4
400, 410.

01,10111,011111111,011110111.1 011 01
01311), opp. 011111111, 4 wemma·
111, v. 01111113, 141111, 0111111,1101.

11141111, Ρ. 111111 0111111111 111,4 wi.

01111111 1111111101, 11111111 01, 1504.

01111, 11111. 01, 1011111111 «suctim. 4
190, m 1. 01111111.

0111111,1111111,11111111, v. 111111 011111.

-0111101,1141.

-5111111,0110.,400.

1111111, 1011111111, 0111011111 01 0111 111·
111, 001.

 

