811111111,·111111111 11111111, 111, 11,
’8,1Μ,21,’11,8111,6π1,”ω

11111111111111 11111111, fl 1111, wo, 111,

-1, 111. 11, script, 1111.

8111111111, 111, v. 8111111111.

8111111, 111, v. 0111111.

sonuum, v. 8111111111.

81111111, congregatio 11, 1111.

11111111 111 11111111, 11 tutu 811111,
Α111.,01111111.(11111)111.,1111

1111111111 11111111 (1111111), mg.
111111.. 8. 1.,11 patri· 1111111111111 111
[1111111111 (1111111) 111111, 1111111118
1111, 11111111, 1 m, 01111111, 0 11, 111,
1111, m.

Sonuervogel, 1. (1111111, 111111,1111,
111,1111,111,1’11,8ω,11111,18,ω,111,
111,111,111,11,81,111,1111,111,1”11,111,
111,1θ,111,11,11,11.

81111, Huius, v. 81111.

8111111, 111, v. 11111111.

son, 111, 1 1Ἧ.-111111111, v. 111111
(meno), 11111111.

somno. v. 81111111.

8111111111. w·

8111, v. 81111.

soto, 11111111 11, 1111111111. 11.,111,

-1111111111111,0. 11., 811. 111111, m.
ustffifflzfflesswmqmdm 11
institutum 811. pertinenti· 111 11111
apa, 11181111.

-Ρ.111111.,111111111,1111,111.

-Petrus 11, Ο. 1².. 011111 V 1 1111111, 11
1111111111 1111111111 11111111 laborat.
11131 11111111 01111 1111111, um& 11
111, um: 811. fautor. 1171, ce. 1 ffl-
w, 1 mm, 2385 1111111111 111131.
1111111111, 1 111, 811111, scriptor, 1
11111111 1111. 1 1³. 1111111181.

811111111111111111 11, 1111111 011111
11 1111111, (1111111111 1111111, uxor.
811. fautrix, 11111, ml, 1111, 505, 58111
m obit, 70⁰.

-111111, 11, V comendo 1111111111,111
11111111 11 111111, ’1111111111 11 111111,
111111,1111,118,1Μ.

-1111 11, 0. Ρ.. nm, Μ, 8111, 111.

81111111, 11111111,1.1.,11111111,01·
1111111111, 1111, 111

8111111111 (8111111111 1111111111, prius
111111), P. 1111111111111111, 11, 1, 8
111, 111, 111, 81, 111.

nonomen, 11111. 11 11, 0111111 cisterc.
1111101111111111111111 1111110111111,
tandem 0111, 8 181, 111.

mm GENERALIS

962

81111,11181111, 11 11111 8111, 111. 11,
8..1.,111111111.,1Ή1.

-1111111111111, 1111111111. ln 11111,

-0111111.11,111111.,8181,111,1]1, OM

-1111.11,111111111. 1111111, 1 m.

-1111111, 1111111 111111111111111.8

-1111, 11, Β. 1.,11111111111 1111111, 1
81811), 11, tm
-Ρ, 111111, 11 11111, m.

-1111111.11,111111111111. Puer„ 1118,

-111111111111111111111 1111, 1 11,
111, 1111, 111, 1111, 'mm

-P. 111111.11,1“111.8111,111, Ebora 111·
etot, 1181, 581, 1911, 11. 0111111111,
1151.

-111111111,1111111111611). 1 111, 8 111,
110, 111111, 111-11, 111, 111, 1 118, 1111,

8111111111, 1111111111, v. 8111111111.

81111, 11111.11,111111.,1 11.

8111111, Ρ. 11111111 111 1111111, 11 111·
111011111131118, ml, 1111111111-
11111 111111, 11 111111 vonit. ³ 118, 1
{oessowv’mm' ⁰⁶⁴. ⁰52⁸& 111. ὓἯι ³²⁸.

8111111111, 11111111 Tabia, 1 Μ.

8111111, 111111, 1 111.

81111111 Dominus. 11111, 1111111 11,
111. ·

spumam. 11111.. S. 1.,1111, 11111111 Βο-
nonium 11111, 1111, 252

spatt, wolfgangus, 11 coll. Gom.. 1111.

spen (11111 8111111111111, 11., 11 8111111,
11111121, 11111111· 1 mmm, m.

811111.011.181ἰτι.

Βρ1ς1,1’.1)111.,1.1111111 m, 111, ³ 111,
11111111118ΜἏ11118.

8111111, Ballou (11 11111 1111111), Napo-
111111 (1111λ 1111111, 1 111, lw-

-11111., 11111111 11111, 1 111.

-11111111, 1111111, 811. 111111, 11, 111,

Spin (Smer), opp.. 111, 101, 111, 1111, 115,
181,3111,1181,1181,1111.-1111111,1
1111, 111. 115, 11.-1111111111, 1111111111,
Philip„ 1 101.

8111111, ο11111111.,0111111111. 111, 151.

-1111 nupt, 1111111. 1111111111 51.

spiritus 8111111 (11111111 811111. 11111-
11111111111111.1111, 181, Bm, 111.

-111,11111111111.11 11111111 n 111, m,
1111111111, 111, 111, 1 111. w, 1 1, m.
111, 1111111111115, 1 111-111111

 

