11111

111,1011,011,01,011,111,111.111.141.
11, 1111111111, 111111, 111, 111111·
nn 111111111111, v. 11111, neith-urg 11·
11111111111, rim Gonnum 011.. v.
0111111, 1111111 11111111, rann-80·
geo. 1 111.

India 11111111, 0011.

lassando, 11111111 1111111 111, 1111-11
nntium. v. 111111111111111 111 Dux.
v. 11111 1111111111 11111111, 11111111
(11131).

1ι finus, 1111111 111. common 11111111,

1111111111(1111111111),1111, 111, 111,
111,111.111,111.111,111,111. 11, 01, 11·
11.11,11,111,1ο,1“1. 1111111111, 111111,

· 111, 111, 1111, 111, 111, 111111, 1111111111,
1111111,1111.111,111,111.111,111,0
QOummmmmm
111, 111111, 11111.

-011113111 omnnium, 0 111, coll. 110-
vum, 011111111111111111110111,
111,111,1111.1.,1111, 1 11, 1111, 11,
11, 101, 111. 111, 111, 111, 11111111, 1
111,1111,111,111,1111,111, 111111, 0
11111111, mmm 11111, 11111-
ΜΜΜΜἌΜΜΜΜ
111111.

donnum. 1. 111., propo Iugum.. 0111.

-Tnmplnm nummum, 1 ’11,-11111.,1
111,111,111111,111,111, ’11, 11, 11, 11,
111,1111,111,111,1111,1111,0111,111·
m. 1111111111, 111,111; concentum, v.
11111111,1111111111; cuntot, v. 11111,
1113111111 11ο11111111111, 1111111·
ntor, em, 111,111,111,111,111;1.11111,
1111111111, 11111111111,1 111.

11111111 viminu, 1111111111, m.

Innocentius 11. 11111,111.

-111, 11111, 11111 11, 111.

-11, 11111, 1 111.

111111111,11111ηοι, opp.. 1. 01111111.

111111 111111 (1111111111),111.

1111111, 111111 (11111, arnon, 111.,11,
11,οω1111,111,111,011,111, 111101,
1’11.-’1111111111.11111.,0111.

1111111 1111111111, v. 1111111111.

1111111111 (Tarni), opp.. 1 111-111111·
pun, 11111, 1111. smnus, 0. 1. 111.,

111111,11111111,1111

nm, 11111 111111. xpm, 1111111, 111.
1111111111, v. 1111111 (11111111, 1111
11111111111111, min„ 1 w, m.

111111, 0111111111 11, 1111.

-1111111111111111111,1111.

11111111, mon 11, 1111.

mnnx Gssmms

lumen, 11111111 111, 1111.

-111111111, 111111111111.

11111111, 111. v. 1111111111.

lumbum 1111111111.

111111,1>111111.,1111,1111.

111111,111.,1.Δοιιιτ11.

lnnbnrn. 1111, nmina. 1111111, m·-
1111,111,111.111,111,101.

1111111111.1.,11111111111,οΒ.

lundonam, v. 1111111111.

1111111111, unctor. 1111, 111.

11111111111. 111111 111111.

111111, B 111.

1111111111111). 111.,11 1111111, 1111,
111, 111. 0111, 111, modorum 11111-
musti-⁰⁰.

111111, provincia. v. 11111111.

111111,ι1111111111,1111.

11111111.,11)1,1111,11ὤ111,111,1111
111, 111, 1111. 111.-1111111 111. 1111111
11111,11111,1[1,11111,1111.0111;11·
11111111, nnn-Templum S. Hono·
1111111

111111,111.11,11,11,ῶ, ω, 1, 11, 11, 11,
11, 101, 111, 111,111,111,171,1ω,111, m,
111, 111, 11], 111,111,111,111,11’1,111,
111,1111,11,11,1ὶ,11,11,11, 11, ω, ’11,
lm. 111, 111, 111, 111, 111, 111, 11, 111,
111, 111, 111, 111, 111, 111, 111, 111. 111,
mmmmffiMfflfflmffi
111111,111,111.111,111.ῶ1,111,111,111,
11, 11, 11, 11, 11. 11, 11, 111, 11, 111,
111, 111, 1111, 111, 115, 111, 111, 111, 111, 111,
mmmmmmmmmffi
111, w, 111, 111,111,11,Β1, 111, 111,
Μ. 1111111111111111111111ῶ.
11111, 11,11, 1111, 11, 11111111),
111, 111, 111,111,111,111,111,111,111,ῠ1,
111111111111111141191111151. ,

111, 11111, 10, 11,11,11,11,11, 111111, ’

111, 111, 111, 1111, 111, 111, 111, 111, 11),
ΜΜΜΜΜΜΜΜΆΆ
11, 11, 11, 11, 11, 111, 111, 111, 111, 111111,
111, 111, 111, 111, 111, 111, 151, 111, 11,
mmmfflffiffifflmm
111,111,111,α,111,111,ῶ1,ω1,111
-0111131111.,1111,111,111,111,1 11,
1111, 11, collusione. mm.
-conniunrinn, v. 11111111,11οι·οι.;1111·
11, 1111. nupt-nonu· 1. 1., 1 111.-1111-
1111111.1.,1111,1111, 0 1, 111, 111,
011, 11, 111.-1111111111111.
-11111111111111, 111. 11.
1111111 Lnnnnnnnm nnn, nnn, 1 111, 1

. 111π1η1111111ῃ1111111111111 11,

animm.

 

