[111

55555 55 0155, 55515155, 155155 515518.
1ng 55 55155, 1511, 551.

—do 0555,1155515,1115, 511.

-15 055555, 11115555, (155151555555, 555.
155155, 1111.

-055555,1555.,555151.,55(5.

-1555555, 11115555, 111 11555515 (1511115-
55, 555. 155155, 1 511, 4135,551,555,
51515 moritur, Collegium 551555155555
5515555, 5 511,511,555.(155555555 15 55
515 1151155· 1155551555 1551555 u 11555-
acm).

-55 1551115, (15115555, 4551.

-Pigatottn, 1511155, 555151.. 5155, 4115,
5 515.

-do 11555115, 15555,1511.

-5155155, 1555555, 555151, 4 515.

15555, 555, v. 11555555.

5555115555, 5555151555,15551115,555. 155·
155, 4 155115, 5 151, 5155.

5555555115 551 5555555515, v. 555555-
1155.

5555155515, 5. 55555155.

5515555515 (55555155, 1515515355), 55·
515, 551, 5515.

-551151555155155, 5555. (15, v. (15155,
(1555155,

-15555 55, Dux (15 (15155, m, 4 55, 15,
5111, m 5155 uxor, v. 11515, 5555 (15.

55155555155, 1. 5551155155, v. (11555515.

-11555151555,5 1.,5.11555151555.

151555,115155155,1115555115155155, 5 155.

-11155, librorum 5111155, 5 151.

’ , 151555155111,51155155555, (1555551151-

555, 155555, 155515, 5 w. 4 515, 111,
15555551555555111555155, 5 w, 4
555555ς5,1.5155.,5. Laurentius.

Lennium (5555515, 155555, 555555),
555..1151,115-111,15),15515, 111, 115,
111111. 11111,111116.110.10510.1
151. 1105 1111. 11. 1111111110
η151-51,115,155,1”5,555,551,555,551,
ῢ,5ω,555,551,551511,555,51,115,155,
111,111,111,111·215,151-151,151,151,151,
41,15,11,π1,111·111, 151, 155, 151, m,
m, m, wl‘Q m, w, w, m) w, m·
510,515,55,511,155111,155-555,511,511,
515, 511, 151, 5 11, 52, 15, 1151151511, 115,
4241 w! mv m 4941 ffi, 4445 44454461
115155,455,155.151-151, 411.

-05115515 555 1555555515. (51115515 11511-
515 ponuntur 155111515555 555 1555515·
5551115. 555555 55515555151551515555
155155). D' 55555, 4151, Mun-0⁸·

, 5155555(15(1511555),1555,4155,5151;

55155551-1515555555 (55 15555515555,

m.

INDEX GENERALIS

916

55,5115,51,4155,511,5111-55
55551555555 55 1555155154155 1115155.
-55 petit (1511. 55 15151, 4151-511155·
55 (du Lyn), 1555511555, 555, 0 2903 11-
5511-115115515511, 4 155-55 1555,1
111, 5 182,4151.-15555555(551555),5
151, 4155 155.-·1)5 savoya, 4 111, 1115-
5555555151511 1555 55151555,5111,115,
155- 115515. 5555, 4 251( Ovum-De
55.55551155,41)1;11555555.-5551.155,
4111( 15515.-1)551555555ι515,4151.-1155
15515 5555555, 551 de 11551555, 4 511.-
115 1115515515, 4111.

55555155, 0511. S. 1.,1 102, 151151, 1153
685 ὦ( nmmum» m'aelxv 4485 mv 5841
55113 15,151,551,155,11“1,551,4151, 151,
Ὴ,155,555,555,151,151,155,151,511,5
15, 15, 151,(15-111,151·153; Superior,
5. 5551551(555155555555).

-1155511515,555 virginum (1555551555, 1
151,-5555515515· 115 1155555158 125 Β.
(1155551 111, 5 515,-1555511155 555 Ro·
515555 collegii 15155555, 5 515, 5 115
0011. 511155515, 5 5555915155 (15555511
55555551. v. 5555515555, 1555.;05115511
15555515, v. 11555555, (15,, 5515555115·
tim memma„- 0515555, S. 15151,
1555,5·115,111,5155,155, 5. 1155155515,
515155. 11155.,5591,595,5111,5151,5
fflfflfflffi

-115155551155,1115, 151, 555, 115, 151, 151,
555,51,111,551,555,5111,115,151,455,
155, 5155, 131, 0555551155, v. 155555,
5555155 1155155, aum-Xenodochium
515155, S· 553,Ωωὶ

555515, domun (15, 15 quus. 1555515551-
155551,«1.555515(1555ι,15, 15, 15, 51,
55,151·111,155,551-555,515,515, 515, 511,
519555, 555515, 555, 5151, 555, 551, 151,
515, 551, 115, 5 551, 511,-0511. S. 1., 1
-11555155 551 55551555 551155315055551
555515,51555555,1551;15. 1155551555,
1531( 1155151155 51 555515, 1515, 1511,
511 5. 155515 51 de 0555, Laurentia.

-Domus 555 lamium 511, 551515, 551.-
0551551555 vatus 155555, 1515-1515-
115551155515,1535.

-55551115555 (15, 11551151, 5. 1555111 155·
1515, 51155, 1 511 5551515155 1155155 555-
plectitur, 1 51, coloniam 55511, 1515 555·
51155115, 551, 515.

-55555 55, 5555115555 (150555 mom
515511.

*55555515 uxor scanni· 15555, 5. In.
1511551 ex 55155, 155, 511.

-5515, (15, 5515511155 15555555, 1115

 

