01111111

48,504;11441141,1.1111141411114,1144·
41444 14; 11 0411144, numm, 114111444,

01114114, 1144114414, 8. 1., 11414444. ctu·
1411,1111.454.44,1114,’111,’14.

01114111410111141), P. 11414.. 1444410411.
1144141, 14411144441111,1444141114,14
11441411 1141441414, 14 1111111141 1111·
11141, ii 111. mni. 11111, iiii. 191,
111, 415,111111111,111111;1111414141.
1141411144441 14411, 111, 41114, 111. 04
1441441 14411, w, 1111, 111 por 8411114111
41441111, 14 ’1414441 midai, 1111111-
11114411411444111 41111411 11114444,
iiiiii. 111, 11, 1111111111 1414441 14·
gii. 101119 panim 11 4141441 voio-
1441 prot, 41 41111111 (1414144144 14141.
1114114414114141411111β 21, 82, 411, izi,
411415 1144141.

- 1. 114111, P. 1141114111 44144, 1144141 vt·
144111144 (141444144444), 4114 Belgio

114411. 114114414114,4101.
-114111414, 1414111411 114141, ui 41 44-
4114444100.
-1444144844.,4110,1415.
- 1444414441411414441411141 111.
0141411114, 0141414114, (0141141411.,4

w. -0411, 8. 1., 1 111. -1111444114,
11141141111141, 1414141111.
0111411, 0111141144 14, 1101, 101.
0414114,041411,1111111,414.
01141144 (in 14111 1144141144), 411.,1
01ῗ311ῗ1ὓ441041141 141041141). P. 114114,
(1141114, 1 111, wi, 111114, 4411 14411111,
- minu, 11111 144141 1. 04141144 14
(141114. 8 1, 1411 844411441141, 111, 181.
0414114414, opp.. mi, 8 171, 111, 1119, 181,
4 Μ, iiii, 141149.-’141411111, 4 941,-
1141414411414,4141, 141.
01414,1. 01441414.
0141, 144144 4114111114,11,51, 411, 491, iiiii,
101, 501, 5111, 511, 515, 511, 511, 114111, 511.
-1411111144, 14111 141141 1414141411111,
’mi-de, 14141 11414144 14141 14 0141, 1
--ῗέἕτῶηὴ 14, 1. 14144 14 0141.
-41114114, 1111444414, 1414144 1441111144·
1441441 Laurentium 14 141414, 1541.
-114114 41141414, 1141111111444414444·
-ἔῖᾞξὲῃ Domini, 444 144111144 14, 1
-ξῗδῶξὴ, 1411111444 141 11. 141141114;
ii. 1141114, 1. 141414.

01114114

INDEX GENERALIS

9³4

011441441114 (0114411411, 11 1411101144·
1411414111, 4414.

, 01411111, 141114, 14114114 viatim 111,

-111Β1141414 Ani„ 14111 114141, 8441414·

l 114111141, 14114144 4411441145111-

4441411144411, 111, &mm θ 11⁰·

, 11111411.

0111,411.,4111.1111.

01414144 Principum 141 81411111 1441, 1.
1414144.

0144114, 0141114, 011414 (0111111414), opp.. 1

411414141144111111, v. 144141414114-
1144 1144414114.

014444, 411.,1. 114114.

0114411414, 1.,1. 84114.

orm. 1044141 14, 1414414 (1111144, 11-
14114, iiiiii 11444141, Tuledo, 144144,

0114114111, 411411111411414.

011, 1141114444, 0. 1.,141141141444141141,
141, 41, 11, 4 11, 14, ’1, 11.

0114, 1441441, 1. 114111, 1441114.

01141, 1’, 1411141141, 14141.,111411.,111.

0114114144 14414444, 1 111.

0111114414 (1141111441), 4111811, 11, Β,
11-’141411114 8. 111414, 1 11.

0111111414, 4411 1. 0144111.

01114, 411411414, 8. 1., 0441111111, 44111.

011441141, 1. 11141444 441111, 1444141 41·
141111. ·

0111411411,1411414,15. iiii, 154-151, 111-
401, 401, 111111, 141, 141, 141, 111111.

-4111411410114111, opp.. 1 451, 411482,
414411, 1111141110-1111111411, 411,
iiii, 4 5. 111,141,114,111,11,658,1Ὲ,1411,
110, 1 'iiii

-41414 11441.. 1141·141,4118,1111

-0411, 8. 1., 8. 11414 4441414. 1411, 1112-
151,111,148,151.-11411144 S. 1., ii 41.-
114411141. 8. 14111, 8 481, 411-1141, 1
151·1,55,141,1611.-11441114, 1 151141.

01411441, opp„ 8 826. 4 514, 501, 1 541, 0
111-0411. 8. maim 514, i 411, 143,
4151-111041141, 1. 11114141 14141414,
1411111 11144141, 4114414141141114·
1111441111.

-14 111144, 1141411441441 14, 14141441
04114144 114114, 1541.

014141, 1. 411441 1114141,1114114,11141414

-1111414441, 14411114114444,11441. goii.
1111111411 1110414144,5ὣο; i‹i. 1414411, 4
114, lm. (11141114 1411111 umquem.

011414, Andr„ 111411.. 1511.

-1, 1444. 14, 0, ii. 11. 114111414111, 2

 

