811111

sunto· 111111111, 11111111 111, 1111111.
4 881, 881.

81111, opp.. 1118.

1111111111. 111, 1111111111 connum.
1111. 811.,888,81.

8111111, 111.,1. 8111111.

8111111, 11111111, S. 1., 1111111111 48111. -

81111111, opp. 1. 8111111.

81111111111 8111111111, 1111.11111.,0111.,

8111111, 1111111111 1111. 111, 8881.

81111, 1111111111, 111111.,1 88.

81111111, (81111111), 111, 1118, 8 88, m,
1118811181, 818, m, mumma
But-'mm' n ⁴OE

81111111 (8111111111), 1111111111, 8 815.

8111111111111111111, 111111, 11111111 11
81111, 8818.

-11 8111111111, 1111111111, 1111111111.
up. (11111 18 1111118111 8111811111. 111.
11111),1111,1111

-11111111111111,11111111(1161111),11181·
1111118111111,8181.

811111111, 1111. 8111, v. 81111111.

811111,1 11111111 11, v. 8111 11 (111111 11
81111111 8111 81111111, 8 188.

, 8111111, opp.¹ v. 8111111111 1. 111111 1111
1181111111.

8111111111, v. 1111111111.

81111111(8111111), 111, 8188, 4 181,-11·
11111, 1. 111111, suumn-coll. 8. 1.,
8 188, 8888, 888, 8 818

81111, Pamphilus, 11111111, 8 188.

8111181811111, 8118.

8151419111, como· 111111811111111, 8

811111, 8111111114 188.

8111111111,11111. 11. (1111111111. 11111,
81111111 1111111111, 8 18, 8 lm.

8111 1118111111, Nestorium 8111111111,
818.

8111811,1118,4188

suun, heumannus, 0111, 8118, 8 18, 8

-81111111111, 8111111111, 811111. 81-
11111111111 1111818, 81181, 8 118.

-81111111, 8111111111, 811 111111, 11
0111111, 8 18, 118.

-8111111,11111111 1111111111111, 8 185-

-1111111.,1111111. 81111111111111, Bo·
noninwloolegatnu, 8 18, 81, 8888, 88,
188, 881,111,111,811,111,811, 1888111,
188, 81881 8111111111 (111111, 8 8118, 8
w, ’8, 181. 8 118, 8 18111.

-811111811.,111111111111 11111, 8 88.

-111111111, 1111111111, 811. 111111, 8 11,

m

INDEX GENERALIS

958

481,8 118, 118118, 8181111, 111, 1⁸5.

81111, 8111111111, 1111111, 811. 111111, 8
118, 118.

-1111111111,111111111111111111, 818, 8

8111111, 111, 8818, 8188.

811111, 1111111111, 811. 111111, 1111111111,
481.

8111111111. 11, muniti 811111111111
locum 111111, 888.

811111,11111,1.81111111.

8111111111, 11111, 0. 8., 8 88, 881, 811, 8
18, 8188.

8111111,(8111111),11111,1Μ, 8 811, 811,
81110, 8 811.-1111, v. 1111. maerim,
1111111111.

81111111, 111, 8 lm, 188

81111111 (11111111), 11111111,181,Ὴ, Β,
Ν.180.81088.85.88181.88.81Ω1
811111 111111 111111, 11 11111111, 181, 11
1111111111888

81111111, opp„ 8 181.

1111111111,111111,1111.

81111111, J. (1,, 111111, 8 10.

81111111, 11111111, nupt.. 8881.

81111111111, 11111111111111111111111.
Archiam 818, 8 811, 881, 8 811, 4 8111,
811, 8 818, 188188, 881, 818, 8111, 188.

-111, 111,01111111.1111111., 1111111
1111118888, 8118.

8111111111, 11111 8111111111, 1111. 1111,
’1111111111 188.

8111111111, 8111111111 1 8111111111,
1111888-

81111111, P. 81111.,111111., 8 181, 110, 111,
1111118181. 181, m. 4 118, 181, 8 111, 88,
118, 118.

8111111, 1111.,8. 1., 1111111, 81111, 1

811111111, regio, 1. siluit.

811111111, 811., 111111.. 8 818.

51111111, P. 1111.,111111,4111,181,818,
881,118,810,811,888, 881, 8 811818, 811,

81111111111111 8111111111, 111111.,8. 1.,
11 8111111111 1111111, 8 8111, 8818.

-Mag, 8111. , 8. 1., 81111111, 11881 11111-
111111, 8 88. 81, 8818, 11, 8118811111-
111, 81888188, 8111811881, 881 811111,
8 188, 888, 8 1811111111111111111,
881.

811111111, 8. 1111111, 8118.

81111111181111,111111.,1111111 111·
1111. 811., 1118.

8111111, 1111, 111111, 8 118818, 4811,
118111, 88811.

81111111, 111. 11111, 8811.

 

