927

44444444, 1444. (14, 04444 (14 04444444 41
44 14444114, 04141444144 4101411144 Pro·

444. coma (14 411444, 044. 1444441144· J

414444, 0 011, 010, 010.
1144444441014444, 144414. connum 44
0444414414, 1041.

14444141, 441 144441, 441. 44, ·04. 11444-
(144444,· 114441. 04404444, 4011 0 410.
114444144, 111 11444414 44, 4. Lepet 114414·
(14 44 14444444, Ennaeas: 1444441441444

44, 14444444, 114414, 4 m
1444οο444, 4. 1114444414.
1444444404,444.,0011,4440.
(444414444441144 0444144144), 114·
414444, 0440. 0. 1., 11444441, 0111.
1144411444, 441, 444141, 0 10.
1444444444, 444444, 0 1110110.
114444411144. 1441444444, 4. 044444414,
04144144440014, 0100.
144444414, 01411144 opp„ 4. 11444 11444114.
1144444 4144 44414. 11441414110441114·
44 (14 1141414444, 10 0441114 44 0444444
4444, 4001, 0 401, 041, 044
11444 Argi, 04444441444,11441444144
(1144444414), opp„ 4 410, 0 11, 010.
-0441444 441 0441444414, 0441444(144-
14 0444144), 444440144101, 04, 01,
-0414414411144441144, 144414 041441), opp„
-01141411(114414441414)144., 0 104.
-04444441, 114441444444 (14441 0444444),
01114 ⁸ Ὡ- · ¹
—rueonin 441 1414444414 44104114410144-
14 01444444101114 1 141, 011-1441444·
pun, 444444 444444, 4 a, 414. “
-1144441111114414 1144141444, 4 m
-4411114444, 14444 1141414444 (114414 Pul·
41444), opp.. 1 01, 04, 141, 111, m, 111,
111. m, 2³0. 0441, 0 40, 0 10.
-11444114 (14444414), 01411144 opp.. 1 140,
110, 010, 010, 014, mm. Ν, 0 40, 00,
0 110, 101,114,100141,100,104,40,110,
111, 1141110 0, 101, 110-444141114·
44444, 4 111-44441441444444, v. 044·
444144, 4144444144 ; 1144444 41 Loyv
1114444.,0100; 4444144144441, 041144-
344444, 1 01ος 4. 1440444444, Pom
144-04114414( 444014440100, 0. 1.,
0 000, 0 010 111, 110, 0141002004110,
110111, 0101, ·111,111,040,010,104,
004 1144144. 4. 04444, 04441144,ο ugo-
14441. 141414144-1114444414, 1110, 011, 0
mma-Reclusis 0411441414, 0141,-
Gubernator. 1010,010,001,Μ.104,4
111,0 104, mlh 1140111, 0144441144
44, 0 100, 101140-114444144144 0. 04·
41444414, m, 100, 0. 1144411, 0 104,-

INDEX GENERALIS

144444 14444

144414( 0410444414, 1 π, 0004 11144·
(14444144, 0 4001, 0. 0444411441, 4101.
-44414144144441 11444144, 0441144444,
1444. 0414, 0 010.

14444 11444114 11444 044144 (1144144441,
Eup. opp.. 0004, 0 014, 414, 011, 011,
014-0411. 01,, 0001, 0 071, 000, 011,
010, 014. 011, 040-111 04444, 4. 44404·
(14 41 1401444 4144 4444, 4. 1144444141
04144444 lv, 4. 4440444, 144144 41
111144, 4144 uxor, 4. 0414444, 4114444,
Agna-Templum 11. 11. v. ((14 144 114·
144144», 0 010.

11444 Regius, Romulae 4444, v. 04414·
4441144.

114444144, 44144144 (14.1 044.

1144441144, 144414 041441 (11444 04144144,
14 14414), 1 40.

1144444441, Ρ. 444, 4. 04144, 1144444444.
-441,044(1. 0. 1., 4. Gon.

1444444444, P. 441, 044. 144444444 1000,
4 m

1144404444444(1444444444),11(4441.11.1411.

0. 0. 1144, 110-10, 0 010. 4000, 414, 0
0111, 411, 0 144, wa 40044 444 4414 44·
4441414, soc. 44141, 0 001.

1144411444 44 04414444, 1444. de, 0414444.
Rp.. 0 104.

1144141444, 4441, 0 110. ·

144141114114414114, (1144111141, 444.. 4440.
441, m, 004, 0 0111001000, 041, 040, 014,
0 110,-0411. 0. 1., 0 014, 0 041014, 4
41, 041, 0001, 00, 041, 041, muno·
444144. 0. 014444, 0 040, 4 044.

11444144, 11144. opp„ 0410.

-1141144 opp.. 0 5⁰.

1144144444314 44 44414414. 11144. (044·
144444), 0 110, 4 401.

1144440444 44 044444, 111441.,114144144414·
44141144, 044. 144144, 4 400, 0 Ν.

1144144414, opp„ 4. 1144444441.

144414, Jog. 0441. (141, 0. 1., 0444441440
101, 01 .

¹ -1444. 144414 441, ‹cu-d. 441 1144144 (11·
t. 414414441440441. 14144411, 4.14·

141ὥι 111; cardinali 4 44444114, 44441441

-144441444 (141, 11411444, 0 101.

114414 44444, opp. 04444 (14, 4. 11441444
44 11444444, 114444.

-114114, opp.. 4. Peltuinum.
-0444144, 4. 11444 0441444.

1144144114, opp„ 0 01, ῶ, 0 101.

114414441414, opp.¹ 4. 11444 01441411.
14414 11444, opp.. 01414.

-111444444,4ρρ.. v. 11444 014444414.
-14444, opp.. 0 11.·11441444 (140 104101.

04414 14444

 

