9⁶9

mu, 8818. 1888113888.Ἅῆ
mmmmmmme
881, 881, 851, 884, 88, 118, mmm,
251, 880, 841, 81, 888, 4 181, 88, 88,
441, 414, 488, 888, 118, 88, 111, 818, 881,
418, 481, 881888, 844, 818, 8 88, 184, 18,
888, 840.-811. 4104111, 1. 1441144114
(1141111441), 0111414111-141441140414,
v. 141411-144144141. 041141441, 1818
-84414141114 0444,14414441141141414,
1441444, 0. 8.,4414-144114· 8. 11. V..
11813 8. 811441441.,11·8.

11141, 41111, v. 4414414 1144114144.

1114414, 41111.,1.14114414.

1111441118111441414, 441111, 1188, 8
1818481, 488, 8801.

114144144 (1111141441,41111.,888.

1114414114, 8114, 4411111, 8 184.

11144414 (041414 8411444), 41111.,8 m, 4
888, 888818, 8881.

1111114114 (1·1111411144),41111.,8 840, 4 811, 8

1114441,1141. 1444, 1141. 8. 1., 84114·
1144, 4488414144 44114441, 8 181, 188,
1811114444, 81148188.

-1141, 1441411114, 81., 141414444411.
41141114, 84114114 144444 41141141, 8
81, 48140, 11141,888,88.

111114414,1141444 414.,1414141114 844,

11411444 (1141144), 4111814444414181.

114111, 1141114118, 841141141. 0411411444,

11141441 von 1141111111, 8414 114, 0414-
11414141, 8888 ’

-811141, 0114114 114141, 8 888.

-0114,41114141. 811. 410411, 844. 444·
141, 11814414 81114441, 1 181184, 181
8. 01418114 14144 411 0414 11111. 444
1444 4111111180, 1811111114, 185, 808,
818, 811144144444 14411141141, 818, 884,
8441 81114144 0411. 8. J. 1141114414 44·
114, 818, 181 Ρ. 0144111111 14144 4 8.
1114114 4111141, 8 88, 811411144440411.
8. J. 1141114414 8441114141, 88,18,141
0418144114 1414, 18, 884818, 881, 481, 1141
84444 141444, 418, 418, 488, 818, 8188
11, 80, 141, 148, 881, 888, 4 mm, 884,
81, 88, 84, 44,888,888; 41144144, 411
8144144, 818. 884, 888, 8 88, 84, 118, 4001
8411414141, 400, 410.

11411114, 4114, v. 04411414114.

-(1114111114411144,111111141111411144),
0111414111, 8..1.,1141411144, 884, 8 141,
148,184,181, 18818814414141,81414,8180

14111114,1141414(11111141), 41111, 4
810, 8 888, 881.

1. 41.

INDEX GENERALIS

11144114

11114 (ray), 41111, 8411.-81114441144, 841
1411144, 1441. 114, 8 481.

’11114114141411411111441 41111. 81., 0441,
8111411444, 8114.

1184441111414114114441114, v. 814114, ,
1141444.

1411444114, 14414, 8. 1., 1488.

1111111114 vel 11111414 111111), 41111..
8 888, 4 88.

1111114 014414, 1141414, 414141, 181, 8
84, 880, 4 48, 101, 148, 888,818,108,181,
184, 881, 881.

1144114, 1111111414 (1144414111), 8 88,
4 18, 818, 881814-1141 444 841, 141-
141 11411114, 4 818, 881.

14111441111, 81448144 11411411, 4 811, 818.

111114, amma 11411411, 4 818.

141414, 14114, 8 118, 4 811-1141 141841-
14144, v. 8411441441

111444144 (1441441111, 14144141), opp„
8 808, 811, 118, 818, 8 48, 418. -8441
114 114, 8 480.

1414114, 4111.,1. 114444.

1411114414, 1411444 (14144414), 4111.. 8

14114144, 41111, (4114144), 4111111144.

141444114, 11144 (1441141), 41111, Ι8 11.
-0411, 8. J.. 8800.

141441, pro 14111441, 04444 114 (1411141
44414), 8888.

1114444 (14114), opp„ 4 181-04111.,41-
11414411, 84411.,1481, 8 815.-811., Do·
1148411141, 841441, 8 181.

14414144, 4141144.

-11141441, v. 81114114.

141114 8111441141114411144), 41111, 8 8088
0411 811, 4481, 481,888,881,8411,418,844-
548, 548, 811, 8 40.-144444141141 S. 014·
144, 8 8101 8. 84411141, 8 808-8414114-
41114 1114 14 0414414181 1418414441, 4
888, 880111)441141111141,84444141,1444.,
4 5881 Xenodochium 411414 1441114 14
8144148181 41141141141 1111141111, 14·
14114,144114114,4881.

1414411111, P. 84141114, 1411111, 4 80, 880,

144414, 14144, v. 8111114.
14444114181444411), 11114, 188.
1441414114, 4114141141411111414411 11·

114411144), 41111, 1 108, 811.
14111414, 411111. 14111114.
111,41111.,1. 11114.
11141, opp.. v. 111141.
1114444, v. 11114414.
11114, 41111.,1. 11114.
1114414, 8. 81. 1141441444, v. 8411414,
111441141114414, 841184441411, 1114·

11144114
70

 

