1

95Ι

-14 11444444, 1444, compluti, 11444144
4441144144441 14144441, 18581, oe.

-111114, 141.. 444141, 8485, 544, 541, 548.

8414141444, (1441. 8. 1., 84444144, 8188,

-8, 1., numulariorum 4414444. 8815.

84444144, 11144144, 1144444, 4 8. J. 114414-
444, 8 814, 881. Ι

-8, 1., 1144444, 8 351¹.

-1, 81411144 Rex, 8 814.

-1144, 1444.. 8. 1., 14188 481; 14444441,
1814.818,881,810,404,490,144.848,
544, 550; 1144444 8444414114 4444144, 3
9, 85, 198, 100. 815, 410, 8 198.

-44184444144, 8. J.. 1444411411144444;
48.1.141411,115,81,181,561.

1144114441, 444.. v. 0414114444.

84441414. 444,, 3 118.

84114144 11141141), 1144. (14114, 8. 1.,1441·
4114, 844444, 114444444, 1419, 8 888, 549,
555, 844444 444414141114144, 4444144 Do·
4444, 8 550, 8 9, 410, 1144444144 844,

’ 4444, 444444.

114144, 4411441144 84444,Α41.,044411,1>141·
11441 11, 8144. nerra, 1111 4441444444,
41181.

-Ρ, 14444, Ρ4414114,141.44114414; Curar-
tumuo 84444144. 1 oe. 148, 810. 818,
448, 444, 8 104, 814, 859 155, 518815, 3848,
811,881,888,4151,855,851,11ω,8881,
Ἠ, 408, 8588584, 488511 518 11444444, 1
818, 1 10, 104, 105, 858; 4 8. J. 44441111
848, 810, 1 854, 185, 8818145858
884, 895, 8581. 581. “

-41044144444,14444141411444414 14 11-
444154, 8518.

-41 84414441, christoph. 14, 044144. 41
84444. (8414144) 114.. 81444144. 14414144,
8851, 4591, 598, 8 458.

114141, Ρ. 1444, 141441144, 4 8818444 844-
1144, 8 518.

114114, 14 textu 8414, 1114414444, 445414, 8
15. 15, 151, 8 181, 818--841444444, 4144
4414444, 8 15.

84444, 4444144 14 44 114444114.

-144144414 «La euplum» 1 58, 3 11, 88,
bra-Auditor 114144, marn, Α41.,8
815,-04414448144411, 8 lna-cleric!
4444414444 8. 841441441414 Lauro. 460.-
coneum S. 1., 881.

-0414 Germanicum 8444441444, 8 481·
484, 415, 418, 501, 558, 581, 585, 38, 11. 18,
18. 199. 818, 848, 868, 45, 1, 918, 80, 81,
181, 888, 840, 158156, 1591, 8101, 118, 819,
819, 884, 881, 811, w, 408, 415, 8 5, 9, 18,

INDEX GENERALIS

0, 4848184845. 184,
85. 9, 18, 15, 18, 88, 48,48,110,885.111,
880, 8511158408, 481, 1484 1144144, 4. 8414·
444, 1144444444 1444144, ndu-coll.
04414444.. 1 110, 4811.044144444.,1
55. 110, 4890.
-8411, Romnum 8. 1., 8165, 166, 815, 881,
801, 808818, 848, 815, 419411, 484, 415, 480,

514, 641, 554, 10889, 10, 11, 1188, oe, 89,
54, 111. 144. 198. 800, 884, 818, 819. 808, 181,
845881, 810, 8181418451, 9181845411,
51, 68, 140, 461, 415, 416, 481, 484, 418, 551,
8 5, 9-18, 11, 18, 81. 1881, 58, 8941, 40, 49,
mmmffimmffiffiwffi
455, 551, 510. 0 5, 10, 11, 18-15, 11, w. 85,
81, 48, 11, 48, 54, 55, 50, 58, 88, 66, 800. 818,
881, 868, 480. 414, 481584, 85688644, 550,
558, 118,109,110,141; 1144144, v. 1444144,
4414.; 1144444444, oliverium 011444144,
84444 141141441441444.

-0414444444, 44441144414.,1858.-0444-
4414444. 8. 011411 14441411, 3 884144·
fraternitates: 8. 11141411044114444
114414», 8 198; «141 Pellem-inl? ³1oe3
84141144 844411, 4 05-04414 84144114,
184.

-11444444 041444444444., 111184 Proh.
8.1., 8. 4414444, 4531, 81, 4855, 40,
184, 181 140, 518 Professor. 8. J.. 8 155,
480,31,46,1,810,49,85,1,10,11, 851,
’141; 1144444 8. 1., 11, 14, 84, 414, 481.-
(1454444144, (14444441444, 84441, 1 68,
594 v. 11441144, 844414.-144414144444,484,
8.-114414144 44441 8414111, 1818, 1 168,
41 11444144. arm-mernor Poetarum
844414 84441444, 1141114144 414, 1 1oe3 ’144-
4141444141, 8150.

- 114444144144 8. 11. V. 4444454144,
«1444414184444141», 0. 8. 844.,8 8; 044-
444444, 8. 1144144418. 181, 148188,
1111881, 1884, 450, 8 8041184 1588 101;
1114444511.,444 8444114144. 44411444, 1
ὦ, 110; 8. 144441 88118. 0414441444
«141 144441», 818; 8. 1144144, 44444 111-
4444441800, 11654 S. 84141, 14 414414
144444 155; 88. 1414114114, 1 64-144-
14 8414414, 8 85-814444 11444444, 8 14.
-844411444144 84444444, 411444141114-
414 8444444144, 1810.

-1144144 1144444444.. mmm 844, vv 0444-
144111ς 844114. 1; 11441411. 114 144441-
444 «84444544».-«1“44444 1414414444 8
88-1444444 «84 14844444414,»155;114·
44 (144414 41444444),8415; 8444844444),
5 114 844414, 4 9, 10. 881, 484 84144114
(144414 41 4444441, 8 415.

 

