915

1111111. 111.,1. 1101111111.

1111111111, 11111111 0111111111, S. 1.,

111111,111111.1000.

1111111, opp.. 0410.

11111111, 1111. Α11.,111111., 4 00].

111111, Ρ. nauh„ 0010

-1’. 01. 011111 11, 0 w. 100, 011, 0410
0111, 000, 1111 1111101111, 00100 ὥ,
010, 010, 4 101, 010, w, 4813 11111111 vo·
111, 1111111 011111, 4 41,110, 400011,

0, 100110, 111, 110, 114, 110, 0100101,
1101111111 01111111 Rom. 111111-
111, 4410, 0 m

1111111111), P. 1111111.,111111., 0101.

-11111111, 0. 1., 0111, 1 040

1111111, 111,, 1. 11111111.

11111111111111110111.

111011111.,1.1.111111.

laudm, 0111. 11, 0. 1,, 031111, 0 011, 4
40, 400.

111, 11111111111,1.1111111111 0111. «du
0111· 1111, 4 000(

1111111, opp.. v. Laurentum.

1111, 111,, 1. 1111111.

1111011111, 1. langobardia.

1111111111, 111111, 0010

1111011111, 111,, 1111111111. 111 111111·
111. 11111111111111,0 010.

-011111, 1111111111 0111111111111»,1011,
1111111111111111141111411,
004, e 04.

1111111, 11111111 11, 1. 011111, 0111111
nomn, 11111.

-1411111111111 11, 1. 011111111 11 011·

· 1111.

1111111111, 111,, 011111, 011, 400.

-111111, 01111111 (111,, 0 100.

10111111 (1.11111, 1111111),140, w. 4
w, 400, 0 110, 010, 401.

11111οο11111, 1111111111, 1111111111
(1111111111). roffio, 110, m, 010, 0 00,
101,400,4150,011,000,01, 100, 0 00,
041.-11111.1111111111,0110.

1111111111 111 Longos-Vallo· (11 Lom-
11111),.411011110.1ο1111111,1 m, 101,
³⁴²2, 1010100101. 101

Longus 011111,11111,1000.

1111111 11111 1111111111,011111,11
1111111011. 111111, 0010, 0400.

111111111110111111. 11, 11 1111111111,

11111,Α1111.,0. 1., 1111 1111111, 0 010.

-0, 11111.. 011111111110111111111111111,
0004, 001110. 0111111111 1111111, 4 414,
400, 401411, 0 1444411 0111111111 01·
1111, 0 0000001 0111111. 1111111, 010.

INDEX GENERALIS

[0001

11111,11111,0.1.,011111111,1111111110111·
1111 11111111.. 0401, m, 011, m, em

-1111, 4010.

-11111111, 111111, 0018.

-11 0111111111, 0111111111,4401,1 440.

-0111111, 8.1.,011111111111, 4 0141 11 .
0111111111 0111111111, 4011101, 481 111·
11111, 0 ⁴1⁶, 0 00.

-Ρ, 111111, 0111111111, 1 140, 401, w, m,
m, ⁶³⁰, a m, m. αἱ mmmmm*
101, w, 401, 400, 400, 001, 441, 440,
400, 450400111111111, 0 000, 001, Μ
0111111111, 000, 000, 001.

-111111, 0. 1., 11 11 1111111, 4011, 0110.

-Ρ, 01111, 11 11111, 0 1410000, 0 00.

-Ρ.011111,1011,0)0, 400, 4010100101,
041, 010, 40, 0 4001 011. 1111111111 111·
11111, 0 000.

-111111111, 0. 1., compluti, 4401.

-lgm, 11111111, 011. 1111111, 11111111,1
04, 040, 040, w, 0 100.

-1111, 0,1., 11 1111111 11111, mm,
4 001, 0 001, 000.

-1111.11111.,0.1.,11 1111111 11111111,
11111, 0 001, 040, 040.

-Ρ111., 0. 1., 11 11 1111111, 1 144Ι 4 001.

-1111111111, consen 11 1111111111, 4

-1111111111,1. 1111.

-111111111111, 01111111, 1111111 111111,

-111111111111,1111111111,111111111111,
1000.

-11 1111111111, 1111, 0111. 1111111111
1111111111, 1111111111111, 11111111
1111111111, 11111 1111111 0.111.,1010.

-11 11111, 0111, lv 011111 11 1111111·
1111, 0101.

-11 11111, 0111, 1001.

-11 01111, 011111, 1 010, 041.

-11011111111111,0111111111,11111111111
011111, 111111 1111111 0. 1311111, 1 017,
0 010, 401, 011.

-11011111111111, 1111, 1111111111 11 11-
11111, 11111111 0111111111, 0. 1111111
1111111, 1041.

-11111111111 11111111, 11111111 (luigo),
111 11111111 1111111111, lv 011111 11
11111111, 4 effi, 0 014, 0 m

-11111111 11 11111111, 0111111111111),
1v Dux 111 1111111111 400, 0 014.

-111 1111111, 1111, 1 00).

-111111111, Patr„ 0. 1111111 111111, 11·
1111111 01110111 Prummu, 040041.

-11 1111111, 1111, 01111111, 4 411.

-11011111, 0. 1111111 1111111 ox 111111,

1 547. ‚
ΗΜ

 

