luha

11888888, 818188 88, 8 m

-1188818, 1188888. 18188881 8111881. 188·
188, 888. 188188, 8111, 811, 811, 811, 818
881,1’18,8118881,811,188,188,111,

-18888, 88, cad.. 0888188818 1181888881.
888188888888.. 8. lgm. 81888. 88188
8881888, 181, 181, 1811111811. 111, 811,
8818188, 1111, 888181811 18881 8818888,
11888..118,88,181,Μ,811,118,181,88,
181,118,818,811,888, 8188, 181ς 888818,
8181811818, 881, 8811, 811,1 188; cy·
pomi, 8118118188 81 8888888188. 111-
8818118.8818888,1118.118; 18 88818 ct·
8811 11,1 Q 88818 88888888 8818888·

188, 8 88. 81, 81, 181181, 181188, 181, lm·
-8808888 88, 11881888 88 88888888, 188811,

18 118818, 8888, 8 818.

-1888 88, 8188818 88881, 18 8181118, 8 m,

-1888, 88, 8. J .‚ 11888811, 88818111 Novi
8888188188, 8888118818 888118 88118»
8118818 888. 1888881188188), 8 581, 1
111, 111 181, Imm 81. 111, 818811. 8
111118, 118818, 818111, m, 818, 181,
Mmmffimffiffl

-1888, 88818811. 88818, 88818818 18-
81888 88811, mm.

-18888, 88181888, 888. 1881881181,
81,811,18,810,811,811,8818,181,181,
emm.

-11881888, 1188881881888 88118888188, 1

-11881888,88888188110888118, 118888. 88
188 cubos, 8888, 8 818.

-188818 88, (1818188188 11881888, 1118.

481188, cml. Batnon. 1818811118.

-8118 08888,1888,88188888 (18 888118

18888888 vel-yn, 118888111888,888181, 8
111,1(1,1118,111,111,8188.

1888888, 188888 88,1 181.

-11111188, 0. P.. 888. 8818881118.
-1188881888 88, 8. 1.,(188888818818 Ulys-
818. 81188, 1188. 118, 111, 88881188, 888.
meginun, 1188181888, 8. 1., Romo 11188-

888 8818888, 8818, 8818.

188181818888811188, 88888188 81888188
88 818818881888881,1118.

-11888888. 1888888 881, swa.

-118818881,818888881118.181111888188 uxor,

118888818, 11888118188, v. 118888881188.

11888818, 118888, 81, Syrunm, 8 188,
881.

-1’¹ 8818, 8888881, 1888.

{uun

INDEX GENERALIS

9²4

118888818888 (1188888188), 8. 11888888..
88888.888.8.1.,18,11,188,111,8111.
Ν. 888. 8881888188, 88818118 88888188,
ΙΝ, 111118881, ⁶215. U: 1188888 88-
88188, 8 1188, w, w, 8 8111, 8888811 118-
81888118, 181181189411, 8 1118, 105.
111118, 81, 111, 118, 118, 181818111-151,
11888111, oe. 11, 71, 8 118-111, 111111,
118-1888111888881888.,818,1“1,818.

118888818, 1888. 1888. 88, eud.. 118888·
888. 18818188, 8 m, 1 181, ml, 881, 8
181, 8 118118.

11888888, 888., em

1188118888,8118888118,1111.

11888888, 1188881188 8181188 (1188188),
888.,1811818, 888, w. 8181, mm.
mmmmmfflffimffllffl.
8118181, 888111, 18, 18, 181, mm,
mmmmmmwmffi
&mmmffimwfflfflm
81811,18.18,111,181,181·188,111,
111,818,811,81,818,ὢ,881,118.11,18,
18,181,181,181118,881.881,818,118, 88,
811819,811,Μ,181,881·881,81 181-181,
1811811118. 8111818111, 818, 811, 811, 818-
111818, 881. 8 81, 18, 811, 1111818811,
111118. 118. ΜωῚ-θίῌᾙωῦ).

-181811881188188888118 888118», vulgo
8. Philippi. Ο. 8. 888., propo 1188888888,
8111,118,111,118,111,8811, 8111811.
-188811888 1188881. 8. 188188 8881811·
188, 8 81, 8.-18811881888888, v. 088-
888188888818888, 118. 888888, 0188, 18·
8888881188, 1 mo· 1818888888, Ant. 1818·
v. Mercurio, 18881888.
-088188888188188, v. 888818888, 8818,

-8811, 8. J. ,,1818,818 mmmm.
mmmmmmmwnu
11, 111. 811, 818881, 111, 818. w, 588, 518.
111,118,111,118,111.8 188, 181, 118881,
m 881. 818, 811, 881, w, 811181 11,
181, 188. 1111181811. 881. 1 181. 188, lm.
181. 181, 888, 888, 181. 8 18, 811. ww.
811, 881. 811, 818, 888, 881, 888,ὓ1.1188
1188188, v. 1188888188, 18818818 8188·
1188,181-1118888818, 8811, 811-118-
8888 8881881, 888,81,81,818,8Β,118.
-1188188 08811881181888.

-118818188181888 «struimus» 88188188-
18888. (smum, etrnugo, 8188118818),
(mendam 8118118881, 1 881, 8 181,1 181,

-118888188188 1888888818, 8 818, 181, 1
181, 8 818, Convenarum, 8 m. 8 m.
8188111. 181, Β. Ι.8. moll· 11188 mk
8. 88188, 1188-0881881888 8. 11188181, 1

 

