943 .

1188888,1888.,8.111888

1118881, Andr.. Tibure, 866.

11888181, 81818, 88818 1188118188. 18881, 4

-61888888,118888118811881888,4866.

-811188888118888861888118888181818·
8888, 688. 188188, 6 ml. 616, 6614 661, 8
m'mvmffiM⁸mom'wvffim

-811818888,118818. 6 conium 18 1188-
urcy, 1611,661,8111,686.

11888881, Pomm.

118818, opp.. 8. 1811188181888.

11868, 0888881 regni portu, ml, &a
66, 8614, 611.

1188118, Augustinus, 1188888 1188, 688.

, amiens, 8 1111, 1111, loe, 111, 6 lm. 111, loe,

161,111,111.

-1118888, 68888.. 688888, 688.188188,4
61, 11.

-1888, ulmum 8888188188 18881, 8
6111616.

-111188, Ancum 88188, 8 116.

11888188, m, 1118881188 81 8818188118,
688 188188 conimbrica, 4 616, 816,8

mm, 66,161,161,166,8·146.

»68818818886881881688181 Rp.. 1 166.

118188 (11881, 1. ln, 888181.. am

-1.1888.,888181.,161,168,8ω, 161111,
mmmmmm

1188, 6888618188 84681, w.

-1188888188 mm

11818, emam.

-1.18888.,18 Lm„ 1 166, 616.

11188, 18 18818 118888,1.11811188888,(188-
1188, 1818881188, 6 66, 4 616, 611, 688-
mmm· 88888688 188188, m, 611,
tm, 8 616, 616, m, 8866.

11888818 18818 1188888, 1888, 118888·
8880811. numam 188188, 8111.

118,1888.6881.,688811,61111.

-186818888, 1188888118, 1811.

11888188, opp, v. 1188881888.

118888 (¹- unm 118888, armum), 1888,
6. 1.,11811818811881888 88811, 6141.

1188818688, m.

118888888,188888888188,1“81.

1188681888, 688811. opp.. 4611, 616, 614,
Μ. ⁵ 1. Φ). W ⁸ 118 116116
16,·116, 'mm-coll. 6. 1., 4611, m
8 41, 116, 116, 166, 16,-18886, 118118,
188118. 61818, 4616, 8616.

11888, 88118811888888818888, v. 18888.

-1.Δ888.,1868881118,8 6. 1. 88888888,
ml, 611, 611,411-111,4661·661,8661,
mmm

-1. m.. 18 68861181 161, 4 661, 8 666,
66111, 661, 666.

mom< 8888888888

vum

11888, 1. 688618.,6 166.

-ξΐὲὶῗο, 18 68881118, wo, 6166, 4 Ι
, .

-1. aare.. 18 68811, fl ὣ.

-1. 1888118818 18811, m.

1181881118881, 1888, cond. 6.1.,181.881.,

118888, 68881188, 888181, 6166, ffi. m,
mm, 4616, 8 161, 166, 114116, 6 116,

1188161818. 18, compluto 11888888 888118
1888888888, 6615, w, 4 16, 288, 18888·
tamum-1⁰8.

1188811188), nup-,1 176, 116, 1161111611,
616, 111, 116, 111166, 161161. 166, 16, 4

1688116, 11116 116, 16), 111, 115.-Αῐ· “

811188. 8111881.,8. 1188168, &ipim-coll.
6. 1., 1 611, 61, 6 1η 166-118888188.
6. 111818, 0. 6. 11888.. 6 16,-18881888
S. 181881,6111.-11818., 1 111, 4116.

118881, 118888, 68881.,4488.

11888888 (188888), opp.. wo.

11888818, regim 116.

1188818 (emmim), 11888, Progne 1888·
8881188, 1888188188881 188888 188888,
688. 188188, 4616, 166, 8 66, 116, 6 1816,

11888818, 1181881888 (1181818), opp.. 1 116,
radus w, w. ο mlo-con· s· J„ nw-

-111888, 118188188 81 18811, 1 nus-Rp„
v. ommim, Frue.; 188818 (Puni),
1188881-18881888 6. 6881118188. 18 818
om, 4111.

118811,1888,8166.

-11,1888,4181, 616, 866, 661, 6466.
-1,1888,6.,616, 661, 4 61, 61, 111, lm,
111, 611,666,861,811,11,66,66,6116.

1188888, 18 1888, 8 lffl.

-68888, 18888188 6888118188, 6 611.

111888 118811, 18881118 1188881.. 6 116.

1118888118 (11888888), 1181188 om, 1 Β,
161, 466, 61, 166111-6811. 6. M 61.-
-11881888, v. ungunt· 88 1881818.-
118. 816888.,188888, 681818 18,4 116, 6
166-(181), nunqua, 1188818, 4 166-141,

1188881181118888818), 11188. opp.. 6461, 6
668, 4 666, 114, 466, 661, 166, 861, 668, m.
8 6116116166, 168411, 116111, 116, 411·
466, 616. m, 116, 816118, 6161. 666, 611,
611616, 611, W, 611, 666-6811. 6. 1.,
1161,4166,116,416,861,161. 8668181.
1ῶ. 161116, 414111, 466461. 161, 166, 811,
effimffimmwfflmm
6168 1188188, 8. 1111888888, 68888.-
mmo, *ω’ ιω, Qffl' 'oloffnuy
611188, 1188888, 4 666, 81888888, 11-

1111118111

 

