859

fflffifflffifflfflffimm
991949-91111110111111111111111 111111-
111, 1. 1111111111, vigum 1111-9111111-
111111 911111111111.. 4 919

911311111, opp.. 4992994,994,101,109.

9111111111, P. 0111.,“9 191 111111 pater,
1111111111, 9 19.

911111, 9111119111 du, 91111111. Ep, 2
5919 109, 149, 290, 904, 49191121, 9193181
99911 919, 929999, 9914199, e 411, m.

-1111, 11,(1111.. 9 290, 4991, 921, e 9.

9111111111, 111111, 9. 1., 91111111, 5999, 990.

911111911191. 11111111, 11 cono. 1111,

9111111111, opp.. v. Villium.

91111111, 11111111, 1. 9911111111.

9111111111111,911111111111. 1911111111),
0991 ³ Μ-

Bellon, v. 91111111.

INDEX GENERALIS

11111111

9111111 (9111111111, 9111111111),9.1.,
4 49.

91111111111111111 11, 1519.

-111111 111, 1919, 919, 541.

91191111, regio, q 211, 9 129.

9111131111, 9111113111, 1. nequeam.

9111111, 11111, 11111111. 9 191.

Bergae, Bolgfl 11111.,1245, 249, 994.

91119,9111111111111 11111110111111111, 9
19, 249, 294.

-11111111111111111, 9. Theoderici 0111111
1111111111, 4959, 219, 215, 9 vri-2¹19, 81.

-191111111111111111, 9 219.

-111111111111111 1111111, noviomen.
0111111, 9 241, 219, 291291

91111911, 1111111111 11, 0111111111. 1111, 4

-919111111 11, 11111111. Bp„ 4219.

9111111111 111111111111111111111 9111·

911111111191111111, 11111.,1 219, 404, 409 1 ιο),ορρ.,1991,1911.-οοιι.1.1., ml.

419412491,492.-11111111111, v. 0011111-
11, 11111111 111111 111111, 1409.

9111111, opp.. 4 449.

9111111111,111).,4599, 5459.-11111. fl. J.,
11214599, e 941, 1195.

91111111, opp.. 2 919, 919.-1111111111.
S. (111111, 29191 1911111111, 11111111 11
Aram, 11111111, 111119.

911111 (11111 11111119. 9111, mox Bibo-
1111. 11111, 4 999, 9 194, 2111.

9111911111. 1111111, 9911.

1111111111, 911111. de 9. 111111, 0.9.11111.,
1111111111, 91, 2219.

9111, 11111. 11111. 11, (111111, collegii
01111111. 1111111111, 4 91.

9111111111, 11111111 911111, 4 992.

9111111910111119111. snp. 9249.

9111111111, 9., 0111111111, 1111111111, 9
919, 9111 Corduba. 994, 4 449, 441, 449,
septimunic, 9911, (11111911, m, 111·
11191111, 911

-11111, 01111111, 1101.

-111 1111, 0. 9., 9921924.

-91111.,911..9211, ‚

41⁸3.. 9. 1., Gaudium 100. 942 (Non 111
Puram. 11111 unta 9, μου. 100 11111111),

-9.1., 911ο111,9 919, 914.

-9, 1., 111111111492.

9111311111, opp.. 4491.

9111111111, 19911119 Ant. 11, 11 11111,
41199. 9 414, 422, 4 9011 549.

91111111111114 944, 9911.

911111, 1111, 9 19.

-9111111, 9 12.

9111111119. 11111111 411, 09111111, a

91111111, 1111.,199, 529, w.

-14111111111, 1. 1111111, 9111, 1411111111
111, 111111οω111,1111111111;11, 191111
0111111, 611111.

Burgi· (11 9111111111111111111111 11, 1.
(1111111191.

91113111111(9111111191111111111,11-
111 141111, 4 199.

-11111111, 9. 1.,11111111.111111111, 4 199, 9

9119111111, 4 121, 9 599, 921-49911
11, 1. vivero. 11111-911111111, 11111,
111111, 9994.-1 1111191111, 91111111 11
111111111111111,11111.. 442,ὔῆ 91111
uxor, 9111111111 11 911111, 111111, 4

911111, opp„ v. 9111111111.

9111111, opp, 4919, 421.

9111111111,11111.,411111111. (11111, 11111111
11111111111111111, 9111111191, 9149,
w, 9 111, 719.

911111,1ο11.,9.1.,9ῧ.

-9111, 9. 1., 9 919.

-9111,9.1.,1111,95111. 919

-9111,1. 911111 11111111. 911111.

91111111, 1111. 91111, Rp. 11111114 91
vernoil (11199, 9 119.

9111111111, 111 cortica, 4 m.

-11111111, 41111111191111111 nemu.

9111111111, 9111111111,111111.,850.

91111111111, 1111111111, lm

-911, 1111.,19.1.1111111111,9999.

9111111111, 9., 9 9111, 919.

-911111111.1111.,491.

-1111, 9. 1., 1111, 2949.

-111191111111, 9. 1., fl, ’111899941114094
188. 919, mm, 991,591,10,9141.

-ο.1.,1111.
911111411

 

