9³3

161, 111 Gom 6666161 1166161, mm·
w, 6166111, 6661661 161166 616616616111,
m. 166, 6 666, 611611, 616, 616, 616661.
6016166166666Μ66. 6166861
&a 16 1611661616 porgit, 6616666, 666, 6
616, 661. 666, 666. 666, 1111. 616616, 616661,
661, 661, 6611, 116, 616, Um

116661 16 111116616, 1666, 6611111, Hm.

Nuntius 16661, 6. Legum· 11616161 Pom.

nurnberc, numbers, 61111, 6. 1161161·

bom
11616116, 6666116116. 666.

061666 (061666, 161661616),116666 11166.
61111,111116661166,116616, 11166611116666,
01111, 6166.

06611666116, 116666161, 6. 61116616.

01116366, 0666616116 nummis, 61116116
16 66166 6166616161, 6 161, 1111, 6166,

06666611), v. 061116.

0166616, 61111.

06111661, 66166111666, 616,, 1166161, 1161,
1111, 618111.

061166, 11. 1166.111611661,611611.1116661116·
wrm· 616666661161616 1116611161, 116·
11166, 11666611, 1111616, 61 sacerdotium
6661111111, mmo, 6161116166, 666, 6
lm 06616 Superior, 0616666666 61-
66111, 161, 666, 616, 611, 616, 611, 616, 6616,
611, 616, 616, 6 1161616 111, 6 661, ew.

-1’. 66661166, 66666166 (6666661, 116661·-
1111611616 16616 11666111 61 6666116·
tium 66661161,161·166;1166161,66·61,616,
6 611. 666, 616, 6 611, 06161166,661,665,

061116 (06661), ορρ.,1616,6161,6661, 161,
661, 66111, 166, 666666-6611. 6. 1., 6

061616, Prior 16, 6611166166 1611616616,
0116666, 6 6116.

0616616666, 61166 01166166, 6. 061611

-611111661 111661.,11661166,661

0116111, 1661666616, 1616.

0161161, 6111611166661161β m.

0611111666,06616661661 (1666111661,166·
6166116611, 1 116161, im, 16, 1611,
1616566611, Μ6616,616,6611.166.
-6616 fl. 1., 6161, 6611166666, 66111.

066161161611, imp.. 61661116.

-116116666 666, (161666. ((1611) 116,, 6

01616, opp.. 6 61, 6 66.

03661601661661, 06661661 (0661616116,
m. 611, 6111116. 616, 611611, 616, 616, 6
116,616,611,1611,6126,666,166,66,111,6
661-6111166 6661. 6.11166.,1616616(166·

lNDEX GENERALIS

61116111

6616,116666116 (1611616616, 611,-66116·
[161 1111116611 11116166, 6 611, 6 6661
6611.11..1.,1616,112, 6 166611, w. 666,
616, 611, 1111, 666666, 616611, 616, 6111, 666,
6111, 611, 616, 611, 66116 611669, 610, 616,
616, 611, 1611, 6 5, 661, 666, 126, 166616, 6
111, 1111, 1611. 161, 166, 1111, 6 16, 616, 666
1166161, 6. 011166, ulem—11 66166116,
velo: 16 (1666616, 1611., 6 666.

-11161611611616 11. 116111611661.,11606, 611·
6661111612, 666, 666, 6111, 6116, 616, 6116, 611,
6 6111, 6611, 61111, 661-6616616666, 6660,
661, 61111.

0161166 (01111), 111661, strigonien. Ar-
661611, 6166, 6 61. 161

01666,(1661ο1116, 1666.

0161616661 16, 1 666-06611666 16, 6.
11611 16 (16161166, 1161116 , 1 616, 516.-
116161116 161616.

01666,11161.16, 1116161166. 6661. 6116666·
161166, 1166166 6661616166 ingressus, 6

-ἓοιῦι 1161116. 16, 161,·6611,6111,161.

181, 169, 6 166, 611, 616, 6 1116, 616; 6616
amplexam 66616161.,161,116.6616, 166,
1111, 161, 166, 166, 6 666, 6 661, 666 6 6.
1666116 6161166111, Romam 66611, 6 166,
116, 611, 61661111 61 616666 616, 516, 6
6161, 61 1666111616, 6 21. 61, 82403 Pe·
1661616661, 16, 51, 661 Ariminum, 6 6,
61, 21, 61111 Ρ1666611616,6 116, 111, 6161
Romae 611111, 66, 16, 6 6, 6, 10, 116, 6 12,
11, 66,16.11,15,116,616, 6 6, 11, 66, 16,
1616, 1611, 166 1166111616, 6161161661166
compend„ 1 61, 6116, 1661666161, 611,
66116161,661,66, 6616, 6161.

016661116, 1166116166 16, 1 666.

01161111, Aug.. 661111, 6 66.

0166, 661616, 1161161661 6611116666 11.

01661161661 01666116, 11161, v. 11166616.

01166166, 1166661. 6611111661 166616161666
Ulymssq ο w.

011616, opp. 16 616611, 6616.

01161666, opp.. 6. 1116661116.

01116, opp.. 6166

01166, opp.. 1 116, 6666,661.-66166616,
6. (1611161166 61 1161616, 11611, 111, v. 061·
161166 61 1161611, 116116 6616111666, v. Bor·
gin, 0666 61 1111611, 616666161066161166
6111611666, 1611., 1161111 61 0611666,
116116.

-16611, S. 1., 1161616666, 6 116, 6 ³83.

-16611, 6611166111 1161111 16 16 Com,
Ροτ66111111166661,111661166, 1616611, spo·
1611. tum ’1111611666 61661661161166, 6

01166166, 1 come· 16, (16161611, 1611., 6

 

