515, 5511 11 0151111551, 551111 5111511-
55111 05115515111551115551, 0111

1115501. 5155151, 1. 151555.

111551, 1³. 555.,51111111551515 1511111,
5151111155151511111, 1110, 100, 151, 1
Φ, 119. 5 11,01; 15 sienim 115111 15,
010, 551, w.

1111511, 1 111151511151131 11051551-
15·, 51111551, 0510, 11 11115155111111,

mig· 115511115515151551, 11111, 0 ⁴

115325111511515. 115151, 5. 1., ’0211
limus, 15511151, 151151, 1111, 0112.

INDEX GENERALIS

9²4

515, 150; 1111551111 5151111 1111151,
1155111511, 115, 511, 110. 115, 110,119.
111115, 1155551, 151151.,5151.
1111511 11111115), regio. 1η

³ 15111,555.,1.15111.
“ 1151151, 555.,1.151151.

11511115, 1515. nupt.. 11151515. 015551-
551, 555. 115151, 111, 0119, m.

1151155111, 1111155111, 11555111 1111511,
555.,1101, 111, 115, 151, 1 155, 0 121.-
1115115.,0111.115115151, v. 5115115·
55111511111511155 1115115.,1. ilona-
11511155, 51511515. 11,-15111111.
0115111115.. 1 101-3555151, 1 215.

1111155511 (11115551), 11151, e. J.‚8 1555511551,111151.,1551.

1111511, 555,, 11 05151111, 10115111
1111115111, 51155, 01511 0551111111 11,
51115 11 Ullus, 111111, 1 551115.-
015111111,1515.-1151155551, 1. 515511-
15,151.-05155111,1511.

1111511,115,1511111,115151. litai-r 511-
tholomeus 1101111511, 0. P.. 111111·
15555551 ’15111..’1“111515551 55515551
1551 Philippum 11, 1151, 0111.

1111151511 (111151511555, 1111.

111151515111 (11115511), 551155555551-
511, 01151151 11 11,1 2111, 515,

11155 (1110), Ρ. 1115551115 5111151 (011-
55111151111, inimo), 51111111555111511
111 5551151101 ulyssiponem 11511, 05,
111151 0551555115 Valentia 5551·
ermmmfflmmffi
8813 01511115 1551111, 511, 515, 515111111
15555111151, 111, 110; 1111151111 11511,
111, 11551151 eum Borgia 51111, 1 10, 55,
1551515111 11151 11 5151, 5155115111
1111111115551511151, 511111 Valentiam
11111. 11551151ος 1115 5555115115,ῧο
mim 111115115511111551,511; 05515-
511511 5551115115 1151, 511515, 151151·
111515 5151155111115 11151515.011-115;
515, 510, 555, m, 55155555, 555555
55111. 5151151111115111151, 51151, 151·
1111111111 15, 111, 551, 510, 555, 551·
510, 101, im, 100. 111, 115. 111, 110, 111,
111,411,151,115·111,115, 151, 151, 115, 1
1115151511, 151, 101, 511, 1111511155, 515,

mmmmmmmmmm'
mmffimmmmmml

10, 151051 51155511115151111 51 5111-
11111, 1511115151 ex 15151511 Μ, 525,
511, 115, 515, 151, 555, 515, 511, munero
1555151 515115511111, 550, 551, 155, 555·
105, 511, 515, 515, 111, 515, 551, 551, 0 15;
1115151 1111151111, 105, 101, 105, 5111111
11111 511151111111551. 1111555111, 511,

¹ 1551155111, v. 1111151151.

1ο1101,1555,1151,0150,0115,015. ·

151155515515151),555.,1151.’

11511111,1505151111 151, 1. 1115 1151-
5111, 5111. 151111.

15111111, 01151151 1ος 01551, 1111115115,
0505

1151151, 1151155151 11, 0115.

-Ρ, 15151. 11, 8 151ς 055515111551111-
151555.,5115,15551 1151511 15 15115111
05515151, 0115.

151151, 1511511 , 155551.. 1 m.

11511151, 5151111115, 15 0511.5115.,1ι 255.

1511115155, 151115151551, (1151111115,
15111151, 555,, 011.

1515111115 11115511, 1515111, 1150, w.
151, 1511515115, aei, 155, 151, 15110, 1
151151, 151115, 8 55, iffi. 1100, mm
5551111 15151.151,1051,555,510,0150,0
QQQQQ

1515551 115 1115111, 151511, imm
105, 155150,15’,155.1115,515,5 1, 151111,
11111510155101, 15, 515, 555, 0 105,
101011510-511, 510, 511, 51115151,
0510. 511,-511, 0 515, 511 1. 111151,
015151115111511111, 5155115511, 0510.

-555151515111115111, 1 115, 1 5, 115,
111, 1100. 011, 511,-111 15151551. 15
11151151151155, ’111, 115, 0 105, ’1501
5111115151, 515515 textu 1115551, 0
15,-05115. 1., 15151, 315110115551-
1151, 1. 011115, 11511.-05511111151111
illuminamini 115, iia-Domus 1111·
1155111111, 0 15,-51511151, 15 11115 11·
iunci. 8708.

11511, 01511151, 1511511, 5155, 151.

1551151551 (11555515, 11551511), 555.,1
115, 111, 8 111, 1 2111115155555-51,
110, 0 151 555, 555,-1151115551,111111111,

“ 051111. 155,1151.-115511111. 5. 51155,

olli.

1 1551511155, 1111511555.,115.

 

