1111ο, 0111111 Δ1ε.,111111.,891.
9111811111. 01111111, 111111..889.
nuntiant 1111 11111111). 111. 1111111111

1111111,111.ι1111.11111,19 “

111111111, 11111, v. 8111111.
1111111, 1. Amnon
811111111, 111111.. 889.

Hannon, Ant.. 11111111. 01111111 «de ι

81. 01111111» 11181111, 891.
111111,1111111.11,0111. 8. 1., (11111111,
Eam: 811111, 1111111 (111 Heu). 8. Ar·

111111. 811. 18111111, mun 11111111.

mmmmm& 01111111, 91. ἢ,
188,8818,818,91,881,811,Ι,818·98,
ffl‚ml.m,wl‚mm,offl

-Τ11111111.,Δ(11111181, Pnnnn, 11111 1
11111111. 1 118, 1111 111811 1118111111,
8911811. 1111111, 11111111. 889.

118111, 0111111111111111,111111, 8 91.

namt. P. 011111, venetiis, 8 88. 88, 81;
011111111111 81111111, 9, 89, 118, 118,
811, 4111481· 81111199, 4188819118,
1918818119, 181, 811. 8 1111. 181· 19,
184, m 111111 011181111111 8111111·
1118111, 819, 181· 19. 8 814,818·118,

11111111118111111. 811811.11111,8 181.
141, 8 18.

1111111111 111 11111111 (dn 11111111, 8. 1.,
911.,8111111,819,1118,188, 181, 188,
19. 8 881. m. 91

8111111111 111 1111111111 (0111111111),
Ρ. 81111.. 0111111 Viennam 1111118
91911011111111891181111111911,
411, 49.

81111111, 111.. v. 8111181.

Hunno, 11 11111 11111, 8111. de, 8. 1..
81111111,1111,1411.

-8. 8111. (11, 111111.. 1 18, 818 ,1111 Β.

INDEX GENERALIS

9⁰²

Ennrinnnminllhemnln.

-1111,1111111811,118,9,9.8881.

-1111111111 81111111, 1111111 111 mun,
11111111 81118. 1111111.,81111111
81111111111111, 0111 1181111111 11·
11111111.111111 nex, 811. 111111. 1, 9,
mmm· 88. 118. 1991811181.
’011111110111181111191 91.
&Um 81. Μ. 111481. 198
mmmemmwmm
1119111111518919189188.
181188, 111, 111119, 181. 188. 111, 111,
mmmm-mmmmm, 118.
8118118919, ’9, mv, 111, 98,
19, 141. 148, 91. 98.

-1111111111,1.81111111111.

-011111110111111111, putu 8. 1. 11111·
111, 8 m.

-8..111111111, 819111, 8888.

-1. 1., 111111 11111811, 1 m

-8.1.,81111111.8,111.

8111111111. 1. nunqua.

1111111111, 11111111.

11111111111(111111111,11111111111, 111,
894 ..8111111111 11111.

111111,11111,1.Ηοι1,111111111.

111111111110111111111811111, 811111·
1111111111811

9111111111, 1111111111, 01111, 8 111.

11111111, 111111 11111.111111,8.1..8
19, 1418118911.

1111811. Β.. 11111199. ·

111111111111111111111111119111,
mcodnffiwiommstfflw·
9110111111111111191889-49889.
891,188,188,0111111111,9,878.98.

-811111111 11, 0. 8..01111111111 An·
11111.. Son. 111111. 8 488, 411.
-Ρ.111111.81,1.1.,011111111,8481

1111111119111. 111111. 0111. .111111.8.

11111111181111111111, 81..’1“11111,8 Εσπ1111.011111ο11..110111.(111111111,

8181118881.
1111111111 11, 01111111 1918811.

-11.01111111111,1411.418,481. 8 881881,

8Β.

11111111,8.1,1111.1811111110111111,8
811. 11111 mter. 11111111. 0111111111,

98 49,91,818,814,11.81,811, 91881. 811
818, 89, 819 811. melo, 9191811. 1111111111. 1111111111111141.
118, 141, 188. 89, w, 19, 98, 94, 98, nomana, 8181.. 8. 1., 0118119111

98899981,19,19.89.49.118.
m 11 conventionem 1811111 18111111,
1111111111 01111111,89,18,18,1’1; 1111·

11111, 1818.
-Δ111,8.1., 01111111, 8 811.
-8.11111111111.. 1111111191 nm,

111111 9111111111 8 9. 818, 188, 8 w, 8 111111 811111, 898, 8818818, 49. 91,

89,811.811,19,898·49.

-11, 8111111 81111111. 1111111111 1111, Ln-

1111,111111111,111, 18.
-g, 01191111 1111. 1 118, 8119,

11111

188, 8 418, 411. 418, 111, 4118 181181,
-uloe’nrffinn, 8. 1..01111111.8401.

89. 41111118Μῆ19. 1918811.

811818, Μ.

 

