11111

111161111111, suburbium 1111111111,

-61 111111, 611111, 1681.

11111161 11 111611, 11111111 61, (11111111
11111.. 6 611.

111111111,1111.. mmmmm, 4 168.

111111, P. Dr. 811111111 61, 1161111, 111·
111, 88, 91 Panormi 811. 1111161111
814, 819, Q 1111111, 4 18, n, 8 m.

-111., 8111111111. 61. 81111111110111-
11111111111111. 11,, 8 1811114, affl,
4 814, 486

-P. 011111 61, 6111, 18481 11111111 11·
111, 461. 481101111111111,8146; 111111·

611, 469, 4111 6111311111, 416411·
116116, 8 411 81111111, 498, 4 646, 611-
618, n, 611. 6 184, m 8111111188, 8
881684, 888, 811.

- 11111, 81111111, 1111111, 1 91.

ὡς. Hieronymus, 8. J.. 811611111111

1111118881, w.

-11611, 61, 8111111111. 11111111, 8 681.

111111111111111111111, 111111111), P. 111.
111111161,11111111111 11 111111, 1 loe·
111, 11, 161, 198, 816, 8481 8111118111
11111, 8111116814, 1111482481, 446, 11·
11111, 8 1661 61 coll. 81111111. 1111111,
16111 111111. Burgum, 168, 1111, 8111111·
111111, oropo-m 11 Toletum, 11111111,
111=120‚128. 189, 191, 888891, 1161, 841416,
868, 6119, 616, 616, 6141 prof. 4111. 11·
11111111 01111 1111111, 618618) 1111
1111111111 61 11111111 1111111111111,
11 81111111, 61968188, 886, 688, 681, 661,
11111111 Lusit.. oess, 161819, 114116, 8
11818, 164, 891891891, 166, 814611 61
81111111116111,461461411411481481,
481, 4811 11 011111111111, 4814411 11 1111-
11111,4611, 819, Μς 1111111111, 11)
6181111111 111111111111, W, ³85. 889,
448444. 446, 441, 468, 468, 458, 481-168, 416
mmmmffiffifflwffi
564, 584. 5111599, 66, 4116141166,
614, 616, 684686, 688, 691641 61 Lusit.
1111 , 618, 686, 689, 646, 661661666, 668,
611, 8 18, 46, 61, 618, 666, 116, 181, 78868,
w, w!

-111111 11111111, Neapoli 11 8. 1. 16111·
1114181.

-1111.. Valentino 11111111, 8648.
11111 111111 (11 11111 11111), 111111,
111111, 61114.

11111111, opp.. 186, 8 1111, 11111661, 6566.-
61111111.1.0111.,1911.

1111111, P. 11111. 61, 0. 8. 61,, 1111111,

1111111, 11111. 11111141.

11111

INDEX GENERALIS

1111111, regio, 1. 1111111.

1111111111, 111111, 11111. 11111, 6114,
116, 181.

111111, 111,, 8661.

1111111111,111..1. 1111111111.

111111, 1111111111.

11111111, 1. 111111, 11111. opp.

Taureoing. opp.. 1. 1111111111.

1111111, 111,, 1. 11111111.

1111111, 111,, 1. 111111111.

-11111, 61, cord. 11 1111111. Lugdunum,
1918616181969, 8491611.

1111111111, 0. 11,, nupt.. 4888.

11111, 111,, 1. 1111111.

11111, 1111161, 1111111161 81111111, co·
111111 11111111 catellae, 111111111131)
1111111111 61 1111111, 1111, 6814.

-11111111, 11111, 1111111161 11111, 1
111111111161 Boranga 11111, 4 488.

’1111111111 11111111, 1111111111 16 8111·
111, 6111111111 (11111111), 111,, 1 111,

-81111111, 1111111111 16 111111 (11
1111111, 1111111111, 1111111111), 11114

1111111111, 1111, 111111118188918
188, 4 115.

Tranquillus, 811111111, 111111.. 1681.

1111111111111, 11111111118111111 ur·
bium 11111(811111161111,116111), 8
861,4848,611,868.-8111.8.1.,4841.-
11111111111. seu 6161111111 11111)
Ep.. 1111111111, 11111. 61, 4869181111-
11111,1>1111111,4849, 18.

111111. 1111111 111111), 111,, 8 8.-
6111111. 11111111, 1. 811111, 1111. 1111-
11161111; 1111110111, 1. cuph, 1111.
1111111111.

1111111111, 1. 1111111111.

11111111, 11111 145, 411, 9818

111111111111, 11111. prov.. 4683.

1111111, 111,, 8 618,-0111111111 61, 811·
61111, 11111, 4461.

1111111, 111,, 1. 1111111 1111111111.

1111111, 111,, 1. 1111111111.

111111111111, 1111111111, 8 4111, 418, 6818.

Tridentum (111111,1“11111),1111·, 1 8,
166, 164, 111 115. 111119. 188184, 818811,
886, 844, 411, 486, 468, 8 169, 116, 18181,
868, 861816, 891849851861861861111,
886, 891, 484, mu, 416, 471186, 8 m,
4899, 6868, 8 168, 8111461888, 618,-11111.
8. 1., 8 411.

-111111111, 1 1611, 168, 164, 166, 161111,
111, 111, 119-184, 1116, 814618, 111841, 849,
816, 1181, 418, 481, 681, 8 81611116Μ,
111, 1161818118, 819, 2411816, 11868811,

 

