9¹9

1111111111, 1111. 11, 1. 11111111111111·
111111, 111111111,111111111111111111
111111111.11111111111,111,111,111,111;
eum 1111111 1111111, 1111111, 111, m,
1 111, 111, 111, 111, 111, 151, 11111 uxor, 1
11). 1 151, m

111111, 1111111. 111.,1111111.

11111,111111 1111, 11 congustum. 111111.

111111,111111,1111.

11111111,111.,1111,11111.

11111111, uotum, 111., v. 1111111.

11111111, 111., v. 11111111.

11111111, 111., 1111.

111111, 111.,1. 111111.

111111 0111111111, 11111111, 11111. (1111)
1111111111, 1111

111111, v. 1111111.

1111111111.111111,1111, 111, 1111, 111,
111,111,1111;111.,111,111, 111, 111, 1
111, 1711, 111, 111.-11111111. B. 11. V.
«111 1111111111, 1111-111111111 1111111·
1111111,1111.-1111111111111,1111.

11111111,1111.1111., 11111111, 1 111.

111111111,111.11,1>11111,1111.

11111111,11111.,1. 111. 11111111111,1
11,1111,111

11111111, 1111111 11, 11111111111111,

1111111 111111 111111),11. 11111111 (111-
111)11,111111111111,1111,111.

11111, 111.,1111.

11111 11111111, 111111 1111, 1111111.

11111111, 111111, 111111, 1111.

. 11111111. 1111111.111.,1. 1111111111.
’ 1111111,1ωη..1111.

11111 (1111111, 11111111,1111ι1111111,
111. 1111111, 11111.

11111, 1111, 111111,’1111, 111111.

-11111, 111111,1111.

-11111.,111111., 11111111, 111, 1111
11, 111,111.

-Ρ, 11111.,011111111,1111.

-11 11111111, 11111111, 111111.,1111.

-11 111111,11111111, 111111.,1111

11111111, 111., 11111111111. 1.,1 111,

111111111,111.,111111.,111.

1111111,1111111,1111,111.

1111111, 111., 1111. 1 111111, 1111, 111,
&wamba-'m mm, 1111111,
1111111111, 111111, 111111, 111, 111. 111.
111, 111, 111.-0111. 1. 1.,1111,1111,511.
111111, 1 111111, 111, 511111, 111111·
1111,1. num-Domus 1. 1.,111-
1111111 1111111111, 111111. 1111111-
1111111.

1111111,1)111111 11, 0. 1. 11111, cuffin-

Τ. 11.

INDEX GENERALIS

1111111111

11111111, 1111111111 111111, 1111.

111111, 0111111. 111.

1111111, 111., 1111.

11111111,1111111,0. 1. 11.,1ι 111.

1111111111, 111111, 111.

111111, 1111111111. 11111111111111111111·
111111111111111.

111111111, 1. Saguntum.

1111111111,1.11111111111,1111.

111111, 11111 111111, 111111111 11111111,
11111111, 111.111111,111111111 1111 1
11111111,1 111, 1111111111, 111, 111, 111.

11111, 1111111, 1111111111.

1111111 (1111111, 11111111),111.,1111111·
111, 1.1111111,111111.

1111111 11111111),111.,1111, 111, 111, 111,
1111111, 111, 111111, 111, 1111111111,
QfflfflMfflfflmmmm
111111, 111, 111, 111, 111, 111, 111111,
15,51.11.11.11,11,1).12·11,11·111,111,
1111111111, 111, 111. 11, 11. 111, 11, 111,
111,111,111,111.111, 111111, 1 111, 111,
111, 111111, 111, 111.

-11111111111111, (1111111111, (1111111,

-1111111111 1..1., Ι 1111, 111, 111, 111111,
1111111, 111, 1 111. 11, 115, 111. 111. 111-
111, 111, 1111, 111. 111, 111, 1 111, 111,
111, 111, 111111, 111, 111, 1111, 111, 111.
1111, 111, 111, 111, 111, 111, 111; 1111111, v.
111111111, cmm 1111111,1111.1 11·
111111111111. v. 1111111111, 1111.-
(1111. 111111.,111.-1111111111,1111, 111,
111, 1 1111 111111111,1. 1111111111,
111111111111111111.. 11 111 1111111,
1111.; 11111111111111111, 1 111.

-1111111,1 111; Dux, 1. 11111, 11111111
1111.-1111111111,1.1111111, 111111·
111ς11111111111111, 1 111. 111, 111.-111·
1111.011111111., 1111111, 1 151, 111, 1
111.-111111101111111111, 1111ς 11111·
111111111111111.,1111, 111, 1 111111
1. 111., 111, 11; 1. 11111111, 1 1111 1.
111111111111,1111, 1 2⁰93 1. 111111111-
11,111,1(1,111;1. 1111. 1111, 1 111.-
111111111, 11111,111, 1 111, 1 111.

111111 (11111), Ι 11111, 1111111, 1 11.

1111111111, 11111.,1111111111111. 11 0111·
1111 v, 1111111. (111111111, 111. 111111,
1111τ11, 111, 111, 1111 111, 111, 1 111,
1111 1.

111111 (11111111), 111., 11111.

111111,111111.1,0. 11, 111111111,1111.

1111111,11111.1.1.,111.
111ᾝὲ1111111111111111, 1. 1111111-

1111111111
11

 

