 

8048811888, 881. 9³⁰, 188. 881
81408455, 101, 1511, 581, 188, 811, 8811,
(8881111111, v. 81111, 0111111111.
1111111111 11111111, 111111111111811·
chemin 81111110111111), 8608, 811.
-1111111111,11111., Dominus 111 1111·
11111 11 11111111, 81111111 1111111311·
11, 1 1111811, 15981 11111111 ojus 111111,
-11811111111111111111,1111111111,1 541.
8111111, 1111111. 8111111, 11181111111,
111 11111111111, 1³. 11111 11111111, v.
11111.

flu.. 111, mom 111, 1 118811, 151
111111.

1111111, 1111111111 von. 1111111111. (11111-

111111)111.,111111111111. 11111. cuneol- 181

111111, 811. 111111, 1 mm, 151, 151,

143011810111111111185818
, .

1111, 111.,1. flocum.

111111, Ρ. mg. 111, 1111111 1111111111
111111111111, 8511.

-111111111,111111111, 1511.
-118111111,1.111, 1541.

-111181111111,1111111Α11., 111111, 1
m

1111111, 01111111110. 8. Fr„ 1111111118,
ml.

1811111,111.,1. 81111111.

11111, 111111, 8 811.

111111.,1111111.,5Ή.

1111111111, 1111111111 11111, 1 141-81
1111111 1111, 1881148, mus 1111111
11011, 1140.

11111111, Ant„ 11, Du 11 0111111 111131,
Comen 11 111111, 1 515, 541.
-11111111111 11, 1841.

-111111, 81111, lv Dux 1181111111
811.

-8, 81111. 81111111 11,1 511.
-1111111111, 1541.

-1111, 11, 111111 8111111, 1541.
-1111111111 11, 1511.

-et 81111111, 81111. 11111.,111’111611·
1111, 1511.
-ot 111 011111, 11111118111111, 1541.

-11111011111 81111111 ot 11111, 141111
1111111, 1511.

-11 11111, Patr.. 1541.

-11111111 1113811111, 111, Dux 11 Gn·
1111, 1541.

-Ιῖ111111 81 111111111181111. 11, 1
51 .

111111, 8111111111, v. 1111, 1111, 1· 511.
111111, opp.. 1. 8111111111.

’1. vt.

11111111, 8. 1., burcis, me.
-S. J.. 1111111111 11111111, 1815.

-1111, 8. 1., syracusis, 5 811ς 11111111,
111-78, 181 8111111, 816.

1111111111 111111, v. 111111.

11111111,111,,8818.

111111 (111111), opp„ 81181181, 8 818.-
moenam, 1851.

1116131ὶέ11111111111 1111181111, opp„ 1

111111, ,111111 811111111, 148-1111111·

dlum, 1891, 116.
11111111, 111.,1889.
uim-gis, 1111111111 18111111), 111, 8814.

1111111111, Illyria, myris, regio, 1281, 518.
11111111, 111111, 1111111111 (11111), opp.. 5

1111111 0111111111, 11111111, 1111111,Ι 8 94.
1111111111,11111111 11 conica. 1100.
1111, opp. 11 8111111, 5 881.

1111, 111111, 8111111111, 1541.
1111111111111, 1 m

1 1 ,1 1
mmmmmmffimm
681, 882, 884861, 8118481, 498, 501, 881.
11111, 1111111111 subdiu, 5 588.
11111011111111111, 1, 88, 511, 8410, 8 10.
111110111111111, 148, 81, 88, 14, 95, 88, 105,
ΜΜΜΜΜΜΜΜΜ
811, 815. 881, 208, 161888, 181, 818819, 811,
858818, 815811, 855, 851, 8188811448, 411,

1
15, 8, 81, 181188, 118. 141, 115, 111118,
150, 151, 91818859, 881, 818, 818, 896-889,
QwfflmmmffifflQffi
108,115, m, 181, 188. 1111118141, 111,
111, 111, 181,111,111,π1,114,τ8,71,111-·
ΝΜ, 15,88, 188, 890, 891, 888, 891838,
ffimwmwmwmm
118181, 188100, 418 118, 8 8,15 181, 111,
518, 508, 581, 518. 511, 518, 581, 589, 600, 808.
819, 811, 811, 818, 810848, 611855, 151881,
810, 868818, 812, 818. 815, 811811, 88184.
effi. 891, w, 1111,181,111,111,118,1’21,1
11448181, 811, 118, 111, 181181 148 150-
ἏΜΜΜἮΜΜΜΜἎ
804, 8118888110, 815, sal-⁸3³, Q, 888.
11111101111111111Χ Gubernator, v. 811-
11,1111111.1111.; XI, 81, 1111111 11, 1
811, 818 11111. 811111, 811111, xm,
v. 8111111, 11111-1111113111, 11111 11
1111111111111111, 1. 111111111111, 111·
1111.-111111, v. 81111111811111, 1111,
111111111111, mm 11111111, 1111.
..1111111111 8. J.. 111 Provincia (11111, 1
1181, 119,111,8481,118,1 191, 551841,

111111
11

 

