111111, 1111, 111111, m.

1111111, 11111111, 11111111, 1118.

-11111111,11111111, 1110.

σ111111111, 111111 11 1111111. 11111
card.. 1 111.

-111111111, comen, 11111111 (111, 4 11,
1011111111141.

1111111111, 1411-111111111111. (111111
1111111111411.

11111111111111111111111(1111111111),
opp.. 1 11. 11. 100, 111, 1111114111, 11-
111,111,111111,1111.111,111,141,41,
w. 1141141, 4011401, 411, 411-111111,
1111111114, ῶ1.-1111111111, 4 111.

-11.,1.11111111111, neom 11111111-
111, 1111111111.-1111111111111,1

1111111, Bm„ 1111111111, ⁸25.

1111111111 (1111111), opp. 11,,1. 11111111-
11,1.11ο1.

1111111, opp„ 111, 4111, 11, 181, e 111
111,111.-11111111.,11111111, Patr„ 5111
1. 1111111111, 1111111111.-0111.1.1., 1
111-1113111118111111 111111, 1 11.-
11111111 Β. 11111111, 11151 1. 1111111111

INDEX GENERALIS

1111111111, opp„ 1 114.

1111111111, 1. 1111111111.

1111111111, opp.. v. 1111111111.

1111111111, 1. 1111111111.

11111111111111), 11111111111 1, 11111
1111111111111111191,0111.1. J.. 11111·

11111 111111, 11 11111.,111,1411, me

Region, 11111111 1111111. 1111111111
1111111, 4111.

1111111111111 1111111111, 14111 111111
(1111111113), 111, 4111.

1131111111111111111111.

11111111111111111111111.,1 11, 111, 8
11,411.-1111.11.1.,1411.-111111111111
1011111, 1 1111411 1. 1111111, 1 111.
-1111111101111111111,

Regius (Raecio), 0111111, s. 1., sm.

-1111.11111.,01111111 1111111111 11111,
111111118101.

-1113, Patr„ 1. 1.,111111, 1111111111,
Romam 111111 1111111 1111111, 4 141,
111,1111,115,111,111,111,111.

-1111, 11111 111111, qul 111111 Regin·
111111111111 111111, 1101

11,-11111111 1111111111111, 11111- 1 -1131111,11111.,111111.,411.

1111111111, 8 11, 411.

1 -11111111111,1..1.,13]1.

11111111, 01111111, script. 1 11, 41, 4 19, 11111, 1111. 11, 0. Β. 1111, 1111.

111, 1114111115,- 41,114,111,1 11, 11,
13131111, 11,, 11131111, 111111, w,
Bm· (11111), 8111111111, 0. 1.,111111,
Beatam 111, 11111, angon, 1111141·

111 1111611111, 111111. 1141.

11111, 111..141.
11111111111111,1.11ο1.113111111111,
11141151ἳ,111111,11111111. Bp.. (1111. 1111-

111, ’11111111 01111111111111111111111-

1111, 111111 (111, 1111131114111111,

1 11, 41, 48, 114111, 11112111, 11. 11,

110, togatus 11111. 11 Belgio, 111, 140,
’ ²¹⁶· ²⁵⁸2 ⁸⁸¹, 44141

111111, 111111111, 1141.

11111, 1. 11111111.

1111111111, P. 11111111..111111., fl 1, 161,
111111,111,111,4111.11,1111.111,111
111181, 1411, 411, 411411.

111111, 1. Remi.

11111, opp.. 11 prov. 1111111, 441.

1111, 111,11111111111, 1. 1131111.

1111111111, 1. 1111111111.

1111111111, opp„ 1411.

11111 (111111), mmmm, 01111111,
81111111, 5123 1111111111 11, 1 11-
111111.,111

Remigius, 1.. ³ 188.

1111111111, 1111. 11111.,111111,1ιω,1

11111111114111111111), 1111111111 Du·

111111,1111.11,1.1.,Οε1111,4ω. 1 11111,Ι.1111111,(111111111ς11,1111,

1111111, 1111111 11, 111111 11 1111111,
11111111, 1 111, w.

-11111ἓ4111,1111111111111111111111111·
rum .

-1111111111111,

111111111ὼ11111111, 1111, meminus
1, .

1111111111 (11111111), opp.. 114, 111101,

101101-01111110111131111 1111111111 .

1111. S. 1., 1 11,-1111111111).
1111111, m.. 1. 1111111111.

Μ

111111111,1114, 111 411, 1 111, 414, 4 11,
1111 111111 111111 111111111111, 11-11, 81,
11, 110, fl 111, 111, 11, 141, 4 114, 111 11
(11111111 1111111, 11 111111111 1111111 11-
1111111. 4141.-1111111111111111111,4 ffl-

1111111,1. 1.,11111111, 1441.

1111111, Dr. 1111111, S. J.,cup1uti. ³
111, 4401.

11111111, opp.. 1111, m, 401.

1111111111, 1111. 11, 1111111, Numi
coenobii 1111111, ³ 11, 11, 111, 141

 

