1 857

0010110100 (1101011011), opp.. 0 00.

Berge, 0010010110 00, Merionen. no.. 0 80,

0011001001),000.,0101110,1. 01 0010, 1.
Porto, 1000500.

00110110, soloin, 11010001 011000, 0 S. J. 01·
1011111111. 0 050.

00110110, 111001, Drepani 1010100, 5 011.

Borma, Ρ. 1000. erpo. 00, 0 00100, 100, 105,
0000100010 11011. 01 coll. 1100101. 041-
mm ffio. 00005, 0 m. 011, 010100,
11010 101001100 1100101, 400, 4 001, 005,
001040, 044051, 011, 011, 104000, 401, 401,
404, 500, 500, 0 010, 000, 000, 000, 010, 010,
&Qmmffimmmffl
440, 1101100101ίο 1111000100 collateralis.
504508, 551, 0 40, 500, 501, vlo· Prov.
011000100,514510,505,541151, 000, 000,
041, 040045, 010000100010110010110, 040,
050, (50

1101001100, 001050511001010 100101 1100000
110001, 5011, 010, 514.

0010010001, 0411000 regnum, ,01010101
11010000.

Bere, 00111110 00101οο000, 1100.

00100,ορ,1.,1. 11050100.

01100110, Ρ.010,111.,110010 11110010. 1100011,
100, 1101011010, 10, 1100000010, 001, 10 01-
011100, 010, 000, 000010, 011, 000, 0 05,
40, 1111110001, 4100, 100, 100, 110, 5 141,
140,145,140,150,0002 000100101001011.

11011000, 1100110. 1110100000),000.,(1001·
,1011141144εο

00110110. Ρ. 001111.,0100.

0111010, Aegle.. 0. 1.·1, 0010101, 0155.

-P. 01011, 0010, 000, nereensem, 0
400, 401, 4500, 11110010. sup.. 0100.

-01000, 11010101 l’reef.¹ 0150.

-111000, 0111 100100 Gubernator 01 Pro·
ren, 0101, 0110, 101-180,180,100,100.104,
1001105000, 010, 001, 000001, 1105, 11101
parentes, 1100011000, 01 110110 00 01100-
005101.

011100101100 0011100, 0011100), Ρ. 141011.
00,0010,11501001100101, 4500, 510, 510,
510, 111100100οο10 10011, 5 505, 004.

0010010000001000 00, 001011 V, 1100,
0000110001, 1110001110. 5 010.

0011110, 10, 1. Le 0011110.

1101111001, turen onlnem, 4010.

0011110100οω, 0. 0. elene Superiorleen.
0000004004

0011001000000000011001110,0000101100.
01011100, 4000.

-00001, 0., 4050.

-000001000, 00000100,1400, 1401. 0 01,,

morrone.

Τ. vn.

INDEX GENERALIS

Bartholomaeus 10 coll. (10101, 4 zo,

-101101100.,1. ernoldo.

-S. 1.,110110100010300, 0014.

-0.1.,1010,)0010,4014.

-0, 1., 00100100, 4 151, (100000, 0 114.

11011011, P. 1100101,0011,11., 00101, 111, 02,
ffiloel ω11η1 ¹⁶² ml ⁴87, ⁴oee me ⁴ffin
401,400,00,00,00,10,14.10,01,045, 040,
0010000010010100 ,
QQMQQQQQQ

-Slmon‚ 0. 1., 11080511, 0444, 000, llo·
0100, 455.

110101, Ρ. 11100, mn} 10 001111ορ. 00011·
00101, 4 0, 140, 140, 150, 50, 571, 500,
1111001010011, 0010, 000, 10 1001001, 040,
040, 044, (10010, 040, 054150, 001.

01111000, Ρ. loen, 0110111010 00 Belgloloeo
01100,00100011000,1505.

00100000 (001001, 000101 0100010001, 0. 1.
Sor.. ingreditur, 1 100, 10 1001001 00111·
00101, 10 5110110010 105010100100, 004.
001110 0001000011, 1100, 000, ln 1001010
00110011, 040, 041, 00110101, 0100441141,
455, 10 0101001001 10011 raom, 0140,
150150, 01000 01010011 vocetur, 150154·
151,10 01001001 minionem eligitur, 110,
(10010 10011, 400, 401, 404, Μ, ’100, w,
100100 010110010110 0001100101 01011001
(1000 Booten, 1101000101 leboree 01-
101010 10 10010, 104140, 151, 150, 105, m,
10110110, 101000, 401405, 0100111010,
me me ‘¹895 mr ⁴ 5310 515οῶ21 mr σή·
gir collegium pro ,100110 1001110010, 504,
505, 0. 13001100 5001100100 003101000-
01101000011100101 (1001101ωο110· 00010
Apono. 10 10010, 510, 510, 040, 040, 040, 054,
5000155008001600000οἮ

110010, r. Benene.

00001010, Ant„ 1100111014 w.

0001100 (0410,00001),ορ,1.,0410,404.-000-
01111101,0 400.

0001110010, regio, r. 0000100110.

000111001101110001.. 00101114 lle, 110·
mr ln Siclllern 10011, 100, m

00011100, Ρ, 1. 01110, 01011.

-8000100, 0 000, 4 045.

1100000001 (00000οο1, opp.. 1 01, 01, 150,
111, 110, 001, 0410, 411, 40, 400. 0100,
114,115,4110, 100, 104, 55, 104, 10, 100,
110, ew, 000. 001, 000, 000, lla-Arrhi-
010051101, 0400-(1011. 01.. 040, 0
m-llonnne 0. J .,040.-1110011101. 0 111-
11, prope 0000001110, 151, 1101110 0001111-
10101100,1001.·-110001101.0, seben, 0

ι uo.

0000111101
00

 

