Ebora

591, 606, 604, 601, 611, 666, 4 114, 119. 111,
116161, 119, 161, 144-144, 150151.

146666, 46611661666666 61 0660, 6. 116661·
666, 16611. 06166666.-0611664661161646
416166166416660664146616. 1666, 4119,
0614. 6. 1., 1 611, 449, 6166, 4 14, 401,
411416, 411, 461, 4506. 546, 549, 510, 511,
540, 564, 566,441,111,125,116,116,161,164,
141,146,154; 166166, 6. 1666616, 44646.;
166666, 4146166 06666166, 1464641166 Quo·
0666, 461.; 66666, 114646.-1116666616,6
656,661,666,611,696,664,”00,116, 4560.
-4166666 Misericordiae, 4 510, 544.-164·
666666, 16601606, 166666 4661.4.,4 540.
-416666166466 166604611666666, 4 510,
citrinorum, 451ος 06616166666616, «do
146666 66616666 do 1666166.» 4 510; 40.
6. 0616661666 66666616, 4510; 16664 16·
66, 0. 6. Aug.. 4 10,-16666166 064416-
06616,4 540.-116466664166,4 541, 4 146.

166466466 616166 666 01146, 464.

166660, 1666166, 0. 1., 666161, 411, 46, 50,
661, 561, 4166, 666.

166666,666161.,1516. ’

16166666, 16666460614666616616666. 444-
6616641606 466666, 1541.

1641466(6661611),1666. 146166, 611, 4 16,

-1666660., 116646 4166661660666611.,1446-
416, 166, 11, 11, 5 161.

-Simon 141600, 4160164.

1611, 4466146.,16 0641. 06661.. 4161.

106666 (160466, 1606666), opp.. 5160.

1066606, 1666166, 16 0666466, 4 100, 101.

-1616 116616, 16 0666166, 4104

10666066, Dux 06 0646666666, X come·
61614116 16644, 4516

-16614 461666, 4 516.

4116661166 166, 646, 4166.

1661606666. ioseph.. script.. 4 1411.

1610466114), 1166. (1111666.

liguis, P. 11106666 06, 46 Soc 60616666, 1
55, ‘ic 6. ignatio 6 6664666, ὦ, 86, 96;
1666466666 66641, 406, 6466 moritur, 4
46, 49.

-16666, 06, 1541.

-416616 16666116 06, 1541.

-11616641 06,155, 11, 6666.

-611166661666,16666. 06, script.. 166.

16644166, 0666464666 06, 1496.

1666166666, 116646 06, 1541.

1664666016, domuc (6666616) 06, 1501.

. -0614166466 061509.

1666666166 (16 textu 1666616466), 164166.
06, 666466 1³. 46666, 3 665.

1161146666, Ant.¹ 666161.. 4146

1161661611, opp„ v. 41611616οΙ661.

thora

INDEX GENERALIS

8⁸4

1466666616 61416 1666666166061161, 15,

mining, 666, 6660 Romi 41616. niciam
066166 (Ο16661466161616166), 5144.

-61 66166116611661, 0464616616, 41664666
dc. 5144

1166664666, 4666 06,1541.

-1666666 061545.

11666601, 0611666466 06, 1541.

1411664616 (145166), 666, 0146.

14616, 1 11666116 06, 6. 01606666 61 Ρι-
66666,116666601666; 14, 6. 0660666661
1616666, 416666604666-4466611664666,
1666660616666606615.

1106666, (464461, 6. 1., 6166660466.,6 m,

11666666,11 116616 06 4116 4416, 4 150.

-1666646 44, 16641. 16646, uxor, 5 im.

-1661166466 116616 1666666416, 666166
16666. 4, 0611466 116646, uxor, 066614 V
66666, 5 645, 546.

1166616, 666, 1605.

-16664666 Antion.. 4615, 646.

1166664161, 461. 06, 1514.

1116666, i’. 1666. 1664, v. 41666666.

11466, 16661616, Ι 104, 4666, 4619.

1416, 461, 1646616, 4 66, 464

Eliocroca, 666, 616666. .

1416616146, 866646, 16611. Regino, 4 116·

-4661466 1166466410.

-11466 164666, Philippi liiiio, 4546.

-11166 aegino, 0666111 noni 466, 50, Ι

6664.

-44166, Regino, 1606461666 110, 490,
516545,4Μ,001,494, 509, Ι, 516, 4

-in conicum

-166411616664655, 656, 159, Am, 4 514,
616, 564, 540640, 609, 4141.

-66166146661146, Regin 1666466 ’4106616
66666, 4641.

-uxor 01646666 166166, 1644.

11466406, 1166116. 06, 66666 0604616 06 41-
6661666, 1564.

1166646, 666.. m.

11666, 666.. 1666, 4546, 5541.

116166, 1110661 06 4666606 uxor, 6 611.

Elymi (44646161, 1661144166, 1166114166), 84-
641466 6666466, 6 110.

11666466 (06 1166461), 6. 4466666466.

16666166, 16666.. 6. 1666664166.

1616166661,16641.166,1Μ, 616, 4 540,
cii. 5645, 561, wi), eff.

-16666166, 6661661166, 4 640.

-141111166466 06 666646, 66166οί66 Dux.

1 cui.

 

