971

1111111111111111111,1’111, 1111111, 011111·
1111111111111 111111, 666.

11111111, 611111, 111111 111111, 11611261
6616281616. ’

1111, 111111 111, 1161.

111111, 111, 1. Um.

0111111111, 61111, 111. 011. 0. 1.,666,

11111111(1111111),111, 6166, 6 666.

11111111, 111,,1. 'trajectum Interim.

1111111,.1111.,1. 11111111.

Uzentum, 111, 1. Uzentum.

. 0111(111111),111.,6116.

111111, 11111111, 61. 1111, 11111111, 6

11111111 111111,1)1.,1. 11111.

111, 1111111 1111, 0. B. 1.1. 1111111111,
111111, 6611. .

111111111111,111., 61111.

111111111111, 11 11111 111111111111111, 6

111 1111111111, 111, 1. 11111101111111.

11111116111, Ρ. 1111. 11, 0111111111 611.
1111111111 6111 1111111111 11111661
1611 1111111111111, 6 611 1118111111
661, 6 1211 11 111. 11111111811, 6 671,
612611, 616, 611.

1111111, 11111111. de, 61111111. 11111111. 11
Gen. 11111111111111111111, 1261, w, 8
1111, 616, 11,122,6112,166,166, 616,6

-1111, 61. 1111111, 11111111, 6 111, 112, 1

-11 1111111. 111, 111 11111111 1111111, 6 166,

-11 0111111111 (0111111111), 111111, 11-
111116. J. ingreditur, 6 111116.

11111111, 6. 111111.. 111111, 1161, 168,
11166111111161116,111.1
1111111112, 6611, 181, 681, 616, 611-616.

1111111, 1. 11111111,0111.111.

1111111111, 111,, v. 1111161111.

- 11111111, 111, 1. 11111111, 1111. neu.
11111.

111111111111, 111, 1. 1111161111.

11111111 (111111110111. 111, 6261.

-11111, 1111, 6 611, w„ 116, 661, 6 261,
66, 161,1616,161·ω,6611,611,612,616,
61611, 661, 612, 616, 661, m

11111111 (11111111 1111 011), 11111. 111.. 1
68, 116-111166, 166161, 116, 1861811212,
211, 266266, 666661, 1112, 616 661, 616, 161,
1111116 6, 616668, 121, 161, 161162,
w. 218, 261, 661, 612, 616616, 161616, 616,
66681661661666, 66,666.161·106,112,
8111.16.114,16.186.11Μ.46.4111

INDEX GENERALIS

⁴ 11111

11116, 681-611, 611, 618, ΝΜ, mm,
616, 126, 111, 161181, 661, 666, 6161161,
mmm& mmmm.
168, 666, 661, 666, 6 181, 626, 662, 601616,
612, 6111111661, w, 626, 666, 662, 666,
668, 661, 666, 666, 661.

11111111, 11111111.,611111, 11. 1111, 6 666(
v. 1111111111, 6. Thomu-omasum,
6111111, 1111, 6 611-0111. fl. 1.,1 111,
116, 116, 111, 111. 6 66, 616611, 666, 110,
611,618,666,662,66,616,ω1,668,6611,
8111311118. ⁴ 3811131161. 668. 661. w.
816, 611818, 860, 616, 161, 666, 6 w, 666,
66666, 616, &dadam 612, 821, 662,
611661611111116, 661, 611 1111111, 1.
1111111, 11111 0111111, 11111101111111,
Α11.; 6111111111, 11111 0111111,1111.;
01111111,11111.1 111111, 1111166111·
111, 11111111 (mogon 6111111, 111111·
111.-61111111111111. 6. 1., 6 1168. 6 611.
-01111111111, 1. 1111111,1.1111.-11·
11111111,1.8116111,011111.

-111111111111 Β. 1.1.,1111111 011 11 111·
11111111, 1 111 011111111111. «61111
1111», 66061 1111111111, 666,-111111,
1. 1111611111(111111,11111111.;011·
11111111 11111111, 611111111111111111,
B. 1111. do, 6116.-’11111111011111111111,
1110, 66, 6611618, 6661616666 S.
11111, 6611, 6161 6. 11111116 816-1111·
111111111601, 6212, 16116116111616.
-1111111111111111,6661.

1111111111, 111, 1. 1111116.

11111111111, 111111111111, 1111111111
(1111111111111, 111.,6 166, 1261-111·
11110111. S. 1.,011111111,8111.,1616.

11111611, 01.61111111.,1111111,6 161.

1111111111111111, 1. 1111161111.

1111111111, 11111. 11. 1111111111 11111111,
1161166, 6612611111611221.

1111111111, 8111111111, 11111111 1111. 11·
11111111 111111, 66111.

-11 0111111, 6 866.

-·1.1111111111, 1111111111 166, 16.

-1111, 6. 1., 11111111, 6 w.

-11111111111, 1111111, 6261.

11111, 6111111111 11, 1111111, 111111116

111111,011111111, 1111111, 11111111, 6

1111111. 111. 1111, 6. J.. 011111, 11111·
111 11111111 111116 161161160161111-
11111, 1111111111, 11111111, 1 8616),
102,101111111666611611.1111111116.

1111111111, 111, 1. 1111111111111.

11111, 11111611 1111, 011111, 1111111. (1111-
11116661.

11116

 

