0441411141

0411441111, 1411111 Collegium nogium
(0441 144 41144), 0 410, 4 w), 100, 101,
0 00, 1111111101. 101, &Whil-
104, 1011ος 40 0441414111 1141411, 41
4411111141 collegium 111411140111111,
041, 1101 81414144 iliud 141111141,110,
111,110,111,141-·10;041111,000,104.101.
0111111144, 1111444414, 0 01), 0 00.-,114
11141111. 01401114114111144111, 0
1201 1111101114 0141.,0141; 01141141,
1. 04114114, 04411.-1111444114,1.844·
144,1441.-ῦ114114111,110.-01111148.
moy 041144. 1 01.-1441441411418.Λ1·
144, 8 ⁴143 0. 014144, 04141 0. 8. Horu..
0101-014444114114 1. 0114111, 0100.-
14111141 cathedrale, 0 ὥς 1114411441-
0144, 0010, 110, 010, 0410-111114141144,
012, 104, m, 00010144014101111,
000141, 100, 101,101,110,0111, 110141,
111001 1144141, 0 11ος 1411114,11114414
de, 0. 8. Η141.,0 111,-1411144011, 0

¹ 0414411111,01144111414144 Municipium

(0414141141,111.,0115.

1141441114, 011441414 (0444144), 411, 0
m -11411411444114, 1. 1414441411,
nior.

0414144144, 1141, 8. 1., 0011010111
1111411.14111,010,141.

04141411141114141411, 14411111, cou-
41411), 411.. 0 00.-04141111114000
01-1111444414, 4 00.-1111441114, 1444-
141, 0111141411, m, 11011. 1111, 1441.

-1141114111, 81411144 negiu, 1111, 0214.

0414141111414114, 8114111111 (141411141,
0141111110101,102,00,4 101, 112, 210,
000.-0411141114, 1414411411, 1141, 0
m, ml·

01141411, 411, v. 0411141114.

011414114, 411.,1. 0414411111.

0111414111111(041141111111111114, 1 401.

011141111, 044141, 04111.. 104, 11, 80.

-111114,114111141. 1111444114, 1 101, 411,

-141114, 4 401.

04114, N„ 1400.

04111414111111.. 044, 1111411, 1011.

04114141114, Beuum, 4144114 0114111141.
141 0110111141. 1041111111), 1111441114,
114444114141114 Rom, 41 fleuerunt
(111411. ,1’08, 10.

04114, 411..,1 0411144.

04414,041411114,1. 11444114.

0414114,Α11.,11414114, 041411141. 8.
0441111 1141111141, 400.

0411414, 411.,4111, 084.

-041114 041114, 4010.

0441111114

INDEX GENERALIS

018

04114140.141114,441111.,0101.

04114444, Ρ. Aut-‚minim (141-
1144 1144111, 0101, 01101411οΜ,
040, 1411 141411144 1144141, 0 1410, im. 011,
010,0101;04111441144141,110,110.

0411114(01144141,111.,1141, 410, 0 ω,
44410100040400101104404. 4
10101010, 401, 414, 4404414040,οῠ-
441.441,41440.448.40.411.4ῦ.0.
484. 5410910101484. 4814011100,
0000004000
1140111510, 010, 114, 101, m, 011114,
1110011104,ΜοοΉ-

-01110.1.,1 141, 0 011, 0014, 00, 010,
454. 401. 010. 4 5, 104114. &Si-8⁸⁶.
mmfflfflfflwmfflwm
411, 40, 104, 100, 101, 0 5, 1001110511,
0011444404044041040411.
7013 10441111. 0011414, 0111 04114141,
011114411141 041414, 0111. -11444114
(044111. 0011414, 1141-1111414414, 4
440,0110.-11411111>141.01.,0 42, wi,
011; 4114141411 transfertur, 111, ὢν,
101,101.-1111444114,1.0114141111414144·
1414, 04111014111414411111411111444-
14 4 44414114, 8414144 14414111, 14411, 0
-1411114 0411411414, 4 440, 414, 411, 0
011, 011, 8. 0411141111. ,4450,8. 04114-
11144 ,(141141110.1.,010;8.1.41141111,
4440,410.-111114141144,000-1141111·
41111108414411411, 4410.

-Ρ. 41141114 14, laurentii 814144 14 Fi·
114144 410411411144 1441141144 14 cus
1411, 0411111111 (14144114 41104141141114
04011414,111114.841114111441114 14414-
11144 1141141, 0441414114 4111414 41 itu·
111, 140, 0 101, 111, liii. 021, 040, 141141
141 0411141411, 012, 010. 010, Μ, 1010001,
012; 444410411141114111,01,Μ, 111001,
mammam, 4014141, 411.
0101 411114 041114111444 41441111, 01,
ως 011111. 011141141144441, 441, 440,
441-440;1111114111111441141, 410, 40,
410, 411, 400, 410, 411; 01411141411 044141-
14404111441141414114, 410, iffi, 40, 00,
401104111104114111 8411411441114 01-
141111411414, 1001011104, 0101411414,
410, 410, 41040, 411, 401, 120, 0 mi. Μ
8. 141414. 0411144 41141414114, wi. 01,

-011441414, necui 81411144 0114144141, 1
042, 01, 111, 10100, 014. 3141 ¹¹¹ fflflli·
04111, 4405, 40, 0111041111, 0440.

-01111441114 10411411), 14, iii (1141
0411141», 1.1141141044 14 0014414, -

011114.

 

