61111.,1161,111,116,166, 1166, 66, 161, y
66116, 4 111,-1111111111, 11111, 6161.

61116111, Domina, 11 6111111, m.

611161, 01³9„ss 166.

-6161111161, 461.

6111111111, 6111111161, 616111 11111111 rt
6111111111, 111111, 6616.

6111116111,1111. 61 Βο116111111,111116.,

61111111 (611111), regio 1 616,111,116,166,
166, 161,166,161,166, 166, 666, mm.
mmmmmffimmm
116, 111, 1111166, 116, 116, 6 6, 16, wo,
661, 66666111, 116116, 166, 161, 161,
166, 111, 111-111, 116, 166, 4 6166, 611,
Qfflwfflmmmmffiffi
661, 666, 666, 661, 661, 611, 6 6, 16, 611,
611611, 666, 661, 666, 661, 666, 616, 671,
6611, 161,116,116,”66,166,161,161,116.-
6161111111,0111111, 1161116,,6666, 6661
u. (11111, 661116 :suurn⁸ 11111111-611-
11111116,1.,6166,4611,ὤ6,611,6 6, 6,
611616, 611616, 611, 11616, 166161, w,
61111111. 611111111111, v. (11111 (61
(11111), Ludov.

61111111(61111), 11111111,1.1.,166,661.
61166161616166.

Bruunrbrrgnfflrrunrberg). 111,, 4 616, 6
616-6111. 61,,416.

611111611111, 1. 0111111111, 411, 16,
161, 166, 1116616, 116616116161, ww.
111116, 616,66,61,66,61.11,16,61,111,
mmmmmmmmffim
6661611111, 1116661, w. 166, 16, 616,.166,
61666, 61, 6616166, 666, 616611, 646·
mffifflmwmmem
mwmffl

61111111111,ο)11., 1. 6111111111.

6111111. 6111.,6111, 6161.

-P. 1111.. 6166.

-(111·1111111, Dravo), 11111, 1161.

Brenn. 1111111111 61, 466.

61111111 (611111), noun.¹ 111111 wurten-
burg. 1111111111, 6116.

, 6111111, upp.,r. 611111.

6111111, 111,, v. Vrutirlrvir.

6111111111, 1111161111111111 6111111111,
1111.,6.1.,1Ἇ101166,161,661

61111161, 11 textu 6111111,111.,6116,116.

61111111, 1111111111. 0. 6. 61111111 rn-
enrufiw. ’

611111,111.,1. 611111.

611111111061,11111111111 «orto Lou-
dienrir· 611111, v. 0111.

611111, opu, 1. Brivodurum.

6111161, 11 textu mogun, cnrrmpn..
eruuntur, 1 611, 661.

6111161111

INDEX GENERALIS

⁸⁶⁴

6111161, 111 textu Brimo, 6111111111 61,
111116111161111 1111111111, hunt, 4 m,

6111611111011111111016. 611,, 611.

611161111111, 611111111111 (nemum),
111.611111111, 6111111 61 1111161111,
61611.,661;1. 61111111, 111111 611111-
11111.611111111111,61116.

6111-0111111116111, 611, v. 61111.

Brigantio, 6111111111 (61111111), 111,, 6
neu-con. 6. J.. 6 {nh-Dumna 11, 6
1611 6111111, 6111111111, 4 616; Dux,
1611611111,1616,611,1611, 666, 661, 6
616, 616; ujus uxor, 6111111611 61 61-
11111, 1111, 6 6111 1V 1111, 1111611, 6
616ς11)111111,111116111, 1111111, 6 m.

-61111111111111, 111111 111111, 4616.

-6111111111, 6111111111, 1116.

-6111161111, 1111111111, 1616.

-11111161111, 61111 111111, 11161 66,
61, 4 116, 616, 611, 661, 616, 16, 616.

61111, nuruum, 61111111, 4 (fi.

6111111111, 6111611116111111111611111111
11 unu, 111,, 66, 61, 166, 81, 166166.

nunno, mirtheum. 6111161.

urrunnu. 1111.. v. Augur.

611111, 611,,6. 1,, 1111111111, 11 161, Bn-
11111, 4116.

611111111111,ο11., r. 61111111111111.

611111,1111111111161,11161111, 6 116, w.

Brivodurum (611111), 111, 6 m

611111, 61111116111111),111.,161, 61, ὅ,
66, 116, 161, 6 111, 116, 6 161, 6 a), 116,
116, 6 61, {nu-con. 6. 1., 1 611166.-
611111111, 6111111611, 61111111 61, 6

61111111111111. 6111.,1,6111111111.

61111111, 611111, 6111111111(611111),111.,Ι
166 111,-(1116, 1161111.

6111111, 6. 1.,611111111 umus. 6116.

6111111. 611111.

61111, P. 1111111111, 6. 11111611 rujun-
111, 116, Vennum 111111, 61, 11, ’61 Veru-
1111,66, sonu, 6161611111 16111111·
ritum 611. 1111116111,16,61; mittitur
611111111611111111111,66;1116111611111·
111661 6111111,116111111111 6111111111,
111, 1111 Regium, 11 1111161166, uu
61111611, 116, 1661661 S. 1111611111
Aethiopiae 6111111111111 eligendum 111-

· 1161111111116111111111, m 11111 61·

1111111111, 1111 monimenti 1111111,
prope 11111111111111111111,111, 116, au
6111111111, 11111111 1111611111, mn,
66161, 6611161111, 166, m, om, 1
16,61, 6666, 61, 66, 6116, 66, 6111111111,
superintendant, 161161, 166, 161, 66,

 

