11111

111111111 1111111111, 110, 010, 610, 010, 010,
m, 001, 001ςο1111111111111111,Μ,610,
011; 1111 11111111. 11111111 neit, 015,
011, 010, 10, 1010, 01101 compluti 11
(1111111 11111111, 0011 011111111, (m
0111111111111 11 11 1111111111, 600,
Buten. 010101111111111,11111111111 011-
11, 011, 010, 010, 100, ’100, 105, 111, 3 10,
10, 100, 805, w 0111111111111111111, 010;
010; 01111111, 00ος 11 1111111111, 010,
(11111111, 801, 000; 11111111, 100, 00], 001,
11 0111111111 Ρ11111111111, 11 11111111,
1111111111 Ρ111111111,001;01111111,ω,
001; 11 (1111111111, 011111, Ρ111111111,
000, 101,οῶ,010-010810,001; 1 ΡΡ.111111-
1111111 111111 1111111111 11111 111111ι
11111 1111111111111 0111111111, 000, w,
11111111 1111 111 Ρ. 111111 1111111111 11
1111111111 1111111111, 010; 111111111111
11 B. 111111 1111111111, 011, Q Ρ1111
111111 111 1111 11111 1111111, 1011, 101,
1110100111. 1110, 000001, m& ffiu,
005, 0111 1111110111111111111Ρ11111·
1111111111111111100111 11101111, 11·
1111,0611111111 01111111 111111Ρ11111-
1111, 01111111111 1111111111, ὣ, w-
Ώ, 001, 001, ffi, m, 100, 101, 101, 110,
11, 1011 011111111 0111111111 1111111,
100, 011111111111, 0111111111, 10141,
110,111; verbum 11111 exercitiorum
S. 1111111 11111111, 111; 01111111 111111
11111111111111,111,101; 1111 1111 ct·
1111110111111111111 1111111111 11 Ρ11-
11111111111111111, ⁴8³3 11 11110111·
11111 11111 11 1111111111 111111111
1111111 11111111, 100, 100, 510, 500, m
Ρ. 1111111 11111111 Ρ. 1111111111 11 1111-
1111 Ρ11111111111 1111111111111111·
1111, 080, 05,101;111111111111 1111111, 100,
100,101; 11 Collegium 011111111111111·
111, 111, 1101 1111111111 1111111. 110, 1111
1111 01111111111 1111111, 111-1001 180, 500,
510, 010,01,100,110,110, 1001 01111111-
111 11111111111 111111111111 111111 1
Ρ.011111111111111,510; 0101111111 1111111,
50100501. 0001111111001001, 01100ος
111111 protectionem Angli-m 1110111·
111111, 010, 1100, 0101 11 consttutionem
(1111111111 1111111111, 010, 015, 610, 01ος
11111111111 01111111111, 011ος P. 011111 11
1111111111,οἱ01 1111111 11111 ipsum
11111 1111111111 11111111 11111111, 000,
000,00110111111111,1.011.,Δ11.; 11111·
11111, 111111, 0010.

11111, 0111111111 11, 1500.

-1111111111 11, 11111111 011111 11111111
1111, 1108, 000005, 501100, 500, 515511.

11111

INDEX GENERALIS

852

11111,1111.1181111111,1001.

111111, 11 11111 111111, 1111111. 11, 0. 1.,

‘’Am-2 s· 111 ⁴ m·

·-111111 11, 011.

11011111 1111111111, 1111111111, 011111·
1111, 110.

11011111, 01,, (11111111. 0111111111, 011.
111111, 000, 1101.

-Ρ111.,0.1.,0000,1101.

11011111, 111111111, 0. 1., 0 w

1111, 111. 11111. 11, 105.

-111.1111. 11, m

ο11111111,1111.,15ω,010.

1111111111,01011111,011111111,1110.

1111111111 (11111111), Philipp.. 1111111-
111, 111111 011.,1010·010,011; 1111111111
0. 111. 11111011, 010, m, 001, 80, ἃς
11111 11111111 01111111. 1 10, 1011 111·
11111111. 11111111, 0 mm.

11111, 1111101, 1. Ρ11111 11 1101, 11111
111111 11111 1111, 1. ’111111 (11101, 111·
111

-11 Dux 11, v. Ρ11111 11 11011, 11111.
(1111111111111111 uxor, v. ’111111 11 111·
111111, 111111.

1111011111 1011111110 00, 011 011111,

11110111 (11 11111 1111111111), 11111, 1011-
111111111111.. 101.

1111111111, 111 1111111110, suum„
0111. 01111111 1111111, 5001.

111111, 0111111 11111111, scriptam.

11111111, 01111,1111111111.111., 100.

,11111111 (111111), 111, 1108, 001, 100, 0
01, 0 01, 111, 110116, 100,-11111111, 111·
1111111111,Βο11., 0 110,-0111. 0. J ., 0 1⁴⁶.
11,-’11111111 11111111.,0 110.

1111111, 111111, 0010.

111111,01111111,111111 0111. 11 Ρ11111·
111. (Ρ1111111)1111111111, 1 1010001,
steph. 111. 01111111111, 011111.

1111111,111.,010,1 50, 00, 00-00, 0 0,
100, 110, 100100, 00151, 100000, 011010.
011010, 1101-11111111, 0101111111, To·
1111111111 11, 0111.-0111.0.1.,1 00, 00,
81181, 010 1001111110, 110, 101, 151, 0
10, 110, 100, 000, 0102100111 01111111,
1. 0111111111, 111111 01111111111111,
1. Ρ1111111111, 1111-1111111111, 0 001.-
0111111111111111111110110111111011·
gell, 180, 0010, 010, 010, 010, xlm-flu·
11111111, 0111111111, 0 010, 011010-
111111111. 0. Ρ.,101.-01111111. 111111·

11111. 11111111111 1111111, 111100, 0 ·

1111111111111, 111
-1111111 111111. mmmmm

 

