 

 

[um INDEX GENERALIS 9¹4

unu, 111,, 11411111111111. 11111, 11111. 81111111111,111111.,1822,
111111,111,1. 111111. 4 510, 4521.
111111, 11011111 11, 18111111111111111, -411111111 11, 111111111111. in 41·
111111111, 8111111111 281111, 81111. 11111, 4814.
,ιι conium 11, 2111111, 1111111111, 8 11111111, 81111111 111, Argentoratum
41411118111111811111, mummii. (8811111111) 1111111111, 421, 4 ii,
111111111441111111. 254.
111111, 111111, v. 2111111 imbui-ciui, 811111.,8. 1.,011111111111111
11111111,0111.11,8111,11111,111. 1111111, 4 218; 11111111 Bononia. 42,
1⁴⁸2!- ⁰Pl‘wm· 5⁰⁸2&st
11111111, v. 11111111. 1111111111, 1111111111 (himerii), 111,,
111111111.81.,81111,011111111111, 4 1111111111, 428812.
mo, 111111 11 141111, 81111, 0. 01111, Por·
11111111111111111111111, 111111, 421. 1111. 1111111111, 81111111. 41111111, 1
111111, 111,, v. 1111111111. 104,111,121,1110,8485.
im. 41111, Neapoli, 1111111114 811, lina (111111, 1111111, 1111111),1111.,
0244, 811, 1111111, 21111114 144, 4281, 240.
1111111,81111.11111111,4200. 11111111,111.,1. 11111111.
minumum. in 11111111111111111, 11111111 (111 111 11111), 8111118111111,
,11,1311, 11111111111. 11 (11111111. 1111111111,
1111111111111111111),111.,1121. 4208, 4 288.
111141111111111, 11111,111111., 4 584. -1111.1“11111111,118111. 81111, 4424.
11111111111118.1.,811111111,42 111111, v. 21111, 1111.
..11111111118281242558 1111111,1111.,111111,,485.
1114114,111.,1581. 1111111114 (1111111111, 4111, Prior 88.
Leno, 111,1 lm. 1111111111,01111111,4 iio, iffi, 485, im.
111111,1’111111,1111111,1. 8111111. 412, 448, 214, 821, 116, 452, 1111111, e
1111111,111111, 4224. 24, 2ος 1111111111111111111111811.,1
11111111, 1111111111818. 108,112,142,150,122,222215,404,858,80,
-0.01111111.,4881,881. 81, iii, 65, 210, 488480, 8 122, 182, 4 131,
411111), 81111,8.1.,11111111111,4Ν. Β 182, iiii, 110, 1713 11111111111111
Libanum, 1111111111 811111 (1111111), 8. ignat. 11111 gratitudinis 11 11111111·
111.,44ω,481. 11111,1122,215,404,418,410,411, 2882·
111111111111111521. iii, 288. 209, 215, 481, ³ 18, .64,4121, 122,
11111,111.,1.11111111. 128, 1324 120, 121, 44ος ἱ111111111111
11141114,111.,1.1111111. · 8111111111111 11 Patavina 11 1111111
Ligurius, 1111111111 (811111111111),4 285. 111111 111111, 4 81, 64, 208, 480, 8118,
1111111,11111111 (11111),111.,448. 181185, 4 118, 118, 121,122,125-12’1,122,
Liguris. regio, im. 4185, 181, 4 222, 226, 229, m 1111181111
Linus (611111), 1111. 8111, 811, fautor, 11 charitis, 2 2173 484, 4 124,1Ὣ, ⁵171,
81111111, 4 184, 182. 4 225, 28.
..1,11,ε.1.,14111111111,4182. -1111, Α111111111111,2404,8122.
..mmm 8111111111,,3ω, fau. -iiioysiun voi 1111111111 11111111. sp..
111,1811,480,811,4124, 4 w, 141, im 811111111111.1111(11111111111811-
11111,111.,1. 1111111. 111, 11 August. 1111111 11 1111111111, 1
Lilybaeum. 1111111111 (14111111), 111,, 4 215, 271, 488, 4114 88. ω, 72, im, 261, 8
21221, 4218218, 4 m, 288, w. 811- 121. 4 8. 81, is, 51118, 238218, 214, 850,
4111111 8111. 4111111 «11111 811111», 455, 56, 85820, 8121 8111111211 11
etim 8 Philippi 11111, Panormitano 1111111111111, 4 21.
coll. 11111, 4211221, 4218, 211, 212214, 111111111111111, 111, 182, 4 252, ΝΛ
4Μ41111111111111111111, 1211111118 ¹ Ν, iiii.
214 -8111 8 1 ,420, 21, 8211214- i 111111, v. 81114111.
811111118111111111111111114218 1111, 81111 11 coli. (11111, 4281.
11118181111114401111111111(1111111111111114211422.
14-111111111 11, 01111111 8111411 1111ιί 11111111111111111111111111111),111., 2
Lusit„ 1112111. i 100.

aizoum 11, 8. 1.,851111, 4211. ,111111111111111),11411, 4248. ·

 

