11011111

000101, 11000000,4511,-10.,1.000 (1010
vogn 01 cordoba, 10000, 0.1.,1 1111
0110000010 00000101, 00110000- lio·
notioris: Domlnlonnor.‚ 4 m 1100101.
0. 8. 10.. 1111,-’100010;00100(10.,4 114,
11111114114111110000111, ὅ 540.-
11000100 10100001, 10000, Dr. 1000.,1
4111111
110000110101001000,(1010000000 000,
15111511.
11000010100010 (1100000), 8 111.
110000010, v. 110000110. 11100. 000.
11010000, 1000,, Ailou 00000010100.
’ 0. uulso «lona 00000 ln 01000, 0

ffil.

¹ 010000000000000000.

1100ος 1. 110. 1000. 10 10, 00010100, 1111.
021,011,4111,111,445,441,1111, 41110
1100111100 0011. 10010011 sm, 5123 cof.
(10100 1100001001. 10000100, 1011110
0100000, 00000100 1000010100, 100,

1100010 d’ 10000101, 0000100 du. 000101,
1 illo.

1110100, 00100, 000100, 1 111, 111.

-00000000100100, 1 151.

1101100 000101.,1 111, 151.

1100111000 (11001100), 000, 1 111.

000000000οΑιο

· 944

1010000, ludov„ 1. 1010000 100100110-
00011010011. 100100, Ι 111, 515.

1010, 1001001100, 0. 10100

10100, rognum, 0. 1010010.

1011000100, 000, 0. Buxentum.

10111001, Philipp. 10000.,000101.,115, 11

101101, Aul. 1100000, 4 ’111,

1011100 (Pollio), 111001, 1100000, Unio.
100100000, 4 115, 141,

101111, 0. 0011001000.

1011001, 000. 10 1101110, 1 U.

1011010, 1000,, 100010110010101010,14Β,
111, 415.

1011101000, 1100. Amor.. S. J.. 1100000100,
1 111, lm. 4 1111111111.

-11000100, S. 1., 1000001, Ι 514, 1 114,
1111111, 1 1111,111.

1011101000, (ullulantium, 1011110οι 01
1011101000), (1100011000 001 0111000100,
(1111110010) 1. 1., 100011 100100, Rom
10000100 0111110ος 0000000 Florentino
0001100, 1 51, 111, 4 41, 150, 151, los.

-1, 1001001. 1., 1000001, 5111.

1010010110101, 10100), 000000 1411, 111,
411,1111,111,411,11,111, 141, 151, 111,
11, 11, 11, 11, 111, 1111111111, 11111101
14, 114, 111, 141, 831, 151151, 111,-1101·
000000, 11001001 10 110110 000000001-

10110, 1101001. 000 den, 10000100. 00110- 0000, 1 11,-100100, 0. 0011000100.

gil «si. lvo» institutor, 4111.
1000,1.1100000.10111001011 obli, 1 1⁸9.

100010, 1000,, 11000100 Aponi. 10 Gom. ¹

01 10 Hillo.. 800. 1001001111, 111, 111,
m, 111, 111, 141, 11111141141011111,
111, 111, illl, 1 111111, mmmmm,
41511111 0100 00001100 000 1. 100001
111, m 00000 10 0000110 0001. 1111001,
ll M, 19, 1411100111, 645: 0000100
00010 0 11111000 11 1001001100 10000010-
100, 1 111, 141010 1101100 000011, 4114,
115,110,111; 1100 Notarius, 1010010,
101000, 1 141ς llius 00000, 1111.

100110000, 1000. 10000.,10000.-10000·
000. 1101000000, 011. ’

101000, colloquium (10, 1111.

1010, 000. 101000000110, Ani, 111114.

10100001101. (1010101010100000010000,

“ -000010, 1.1010000100100,100010100.
100100, 4 111, 0111.

-0000110, 1. 1010000 00100, 0001100, 1
111, 115, 612, olio 1100 uxor, ll 111.

-1, 1000. Alpi. (10, Boo. 1000100010·

10100100, 1100001000 00000101, 111.
l 10100 (Polo), 1001001100, 00011, legatus
1001. od 0000. 1011, 1 151, 111, mm,
l 1 51 10 00001001, 1 1; 100010001100.
l 10000001000000000000,οα10000
1 1000000 10001 10 101010, 411, 115111,
111,1111·115,111, 111, 111, 11110 0010-
01100 Religionis 00000 01111100 0 100·
00 1001.,1111, 4111, 111, illo, 1 ὃ, 111,
555,1411,451,411.
1010000000, 1., 11010000, ³ 111, 0. 10000,
· 110100. (10(οε supprimam 000001. 1.·
l l.81›oo.lffl).
e 100000· 000110, 000, 0. 1000110.
1000000001, 1010.,11001000,8151.
10000 do 1010, 1000, 0000111000 10 10010.
l ll 10010 00 10000 00000, 4 411.
“ -do 1010, 1000, 0001110 do 10010 0000,
(00010010000010 0000, 0. s. 010000),
-101010,111000000,1110 11ιο0010000 de
10004151.
-10 1010, 100110.,11100011,100. 100100, 4
5111415.

0100, 1 11, 0000000000100,1,11,Ι ἶ -io 1001010000. 0110101000. 11 Dux do

111,111, 11511, 11, 41, 41, 41, 5ο, 51,
ἓῃξιτιιέιὼ 0001010 000010 0100 00000

11000010

' 10000, 11000010 (10100000, 0000010110·

000000 Dominus 10111000100100010·

l 0100, 4111, 4110 0001000111 0010000 100-

 

